529.5280917949491 97.0
1158.015543937127 205.0
730.0684899377592 129.0
771.7512552629895 139.0
572.7128425310541 103.0
1218.2774724995943 219.0
482.59714048054616 86.0
388.9730067755345 71.0
712.5307010929424 125.0
930.0 167.0
332.41540277189324 60.0
572.8001396647875 105.0
990.2019995940223 175.0
1009.603882718366 182.0
282.842712474619 51.0
1217.4152947946727 220.0
1435.4441821262155 258.0
2160.023148024113 386.0
1006.2305898749054 180.0
1647.5436261295176 296.0
1549.451515859725 279.0
364.0054944640259 65.0
860.5230967266364 154.0
1521.2166183683375 269.0
910.2197536858888 162.0
841.1896337925236 150.0
636.5532185135819 114.0
992.9753269845128 178.0
616.1168720299745 111.0
620.966987850401 112.0
769.0253571892152 134.0
1160.6894502837526 208.0
233.45235059857504 42.0
306.10455730027934 56.0
1825.2944967867513 328.0
941.7536832951597 169.0
629.3647591023825 115.0
359.02646142032484 65.0
1028.2509421342631 184.0
213.7755832643195 39.0
721.1102550927978 131.0
824.6211251235321 150.0
1148.5643212288983 206.0
843.0895563343197 151.0
953.3624704172071 172.0
1249.0796611905903 227.0
1129.6902230257638 204.0
1735.396208362805 313.0
557.3149917237109 102.0
1482.7339613025663 268.0
1531.8289721767244 278.0
816.1494961096282 147.0
1260.5157674539419 227.0
1710.7308379753958 309.0
771.0382610480494 140.0
540.3702434442519 95.0
837.3768566183329 150.0
1149.3476410555686 201.0
1271.3772060250255 227.0
499.29950931279717 88.0
269.2582403567252 46.0
1718.4004189943623 308.0
742.4957912338629 133.0
382.099463490856 68.0
1091.6501271011698 195.0
1780.8424972467385 320.0
456.9463863518345 82.0
466.9047011971501 87.0
1194.7384651043926 215.0
325.5764119219941 60.0
724.2237223399962 131.0
732.4616030891995 133.0
968.7620966986683 172.0
595.3990258641678 104.0
937.4433316206372 169.0
261.72504656604804 51.0
800.6247560499238 146.0
980.612053770501 174.0
1238.2245353731284 225.0
967.470929795826 176.0
1467.310464761974 267.0
466.47615158762403 86.0
1351.4806694880988 245.0
1465.3668482670132 266.0
1141.0959644131601 203.0
1351.0366390294528 242.0
1584.9290204927158 286.0
641.9501538281613 117.0
362.49137920783716 64.0
1730.7801709055948 311.0
788.1624198095212 144.0
948.4724561103501 168.0
769.4153624668538 137.0
1385.712812959453 248.0
200.0 34.0
1130.0 201.0
1203.0378215168466 214.0
934.0770846134702 165.0
1039.471019317037 182.0
1360.5881081355958 242.0
411.9465984809196 72.0
361.386219991853 68.0
1461.642911247477 258.0
491.9349550499537 86.0
312.40998703626616 61.0
574.8912940721924 103.0
796.3039620647382 142.0
1526.3354808167173 271.0
539.351462406472 96.0
984.7842403288143 175.0
905.2071586106686 162.0
662.872536767062 121.0
478.53944456021594 84.0
1167.7756633874505 208.0
580.5170109479997 104.0
784.9203781276162 143.0
1105.4863183232978 196.0
340.14702703389895 57.0
918.0958555619343 165.0
609.0155991434045 106.0
1488.388390172404 266.0
1142.322196230118 204.0
1511.985449665439 274.0
728.3543093852057 129.0
1531.012736720371 275.0
1682.3792675850473 302.0
1421.2670403551895 251.0
1633.768649472746 290.0
1761.3914953808537 315.0
865.3323061113574 153.0
611.310068623117 106.0
1951.3328778042971 347.0
1053.612832116238 189.0
300.83217912982644 51.0
605.3924347066124 110.0
1214.3310915891102 215.0
1134.063490286148 205.0
817.8630692236935 148.0
1299.7307413460683 236.0
376.4306044943742 69.0
1205.404496424333 218.0
1337.5350462698163 242.0
1208.3873551142449 216.0
1286.0015552090128 230.0
1438.3671297690307 259.0
514.78150704935 93.0
490.40799340956914 88.0
1605.5217220579732 288.0
700.3570517957252 128.0
167.6305461424021 32.0
292.7456233660889 56.0
887.6936408468858 159.0
354.682957019364 61.0
817.4350127074323 149.0
819.8780397107853 148.0
1516.443206981389 272.0
326.49655434629017 58.0
1118.257573191436 202.0
1120.0446419674531 203.0
679.7793759742935 122.0
815.4140052758476 146.0
1333.641631023867 240.0
488.3646178829912 88.0
447.21359549995793 81.0
1356.244815658294 243.0
396.23225512317896 71.0
586.0034129593445 105.0
294.27877939124323 49.0
346.5544690232691 64.0
886.3972021616494 155.0
586.9412236331675 105.0
671.1929677819934 120.0
272.9468812791236 49.0
890.2246907382428 160.0
331.2099032335839 60.0
659.6969000988257 119.0
809.9382692526635 146.0
1292.749008895385 231.0
931.4504817756015 165.0
892.6925562588724 160.0
144.22205101855957 25.0
876.4131445842195 159.0
1079.1200118615168 192.0
383.275357934736 71.0
694.6221994724903 127.0
515.4609587543949 91.0
715.6814934033156 126.0
877.2684879784523 157.0
545.7105459856901 100.0
629.3647591023825 113.0
320.1562118716424 58.0
228.25424421026653 41.0
852.3496934944014 151.0
674.7592163134935 120.0
272.02941017470886 50.0
360.5551275463989 67.0
1388.0922159568506 249.0
674.68511173732 121.0
491.62994213127416 90.0
475.3945729601885 85.0
1220.040982918197 219.0
629.6824596572466 113.0
452.21676218380054 82.0
1116.8258592994703 201.0
873.6704184073077 153.0
726.2231062146122 128.0
1323.782459469833 235.0
982.344135219425 176.0
846.4632301523794 152.0
449.44410108488466 79.0
1422.3923509355639 257.0
1168.4177335182824 211.0
1652.4527224704493 300.0
653.9113089708726 119.0
1551.9342769589182 281.0
1660.2710622064096 300.0
1169.6580696938743 209.0
1508.9400253157844 270.0
1785.3851125177448 322.0
839.3449827097318 152.0
353.5533905932738 63.0
1924.162155328911 345.0
967.470929795826 176.0
200.9975124224178 36.0
477.07441767506253 91.0
1055.5093557141026 190.0
275.13632984395207 47.0
361.24783736376884 66.0
710.6335201775947 127.0
895.6003573022958 163.0
1314.7243057006285 236.0
864.002314811714 152.0
1280.8200498118383 226.0
1990.6029237394382 350.0
1098.9540481748998 192.0
1346.1797799699712 238.0
1159.7413504743201 205.0
619.8386886924694 111.0
524.0229002629561 91.0
1463.8647478507023 260.0
1132.1660655575224 200.0
1214.9485585818027 216.0
1253.9936203984453 222.0
875.7282683572571 150.0
1435.4441821262155 254.0
1141.7968295629482 197.0
561.426753904728 98.0
1736.2603491412226 305.0
1431.3629868066312 253.0
850.9406559801923 150.0
1258.967831201417 220.0
1140.6138698087095 201.0
1539.5129099815954 273.0
282.3118842698621 52.0
650.0 116.0
1355.1752654177244 239.0
648.1512169239521 114.0
735.5270219373317 131.0
614.6543744251724 111.0
935.200513259055 169.0
264.1968962724581 48.0
893.5882720806043 160.0
581.8934610390462 104.0
1038.7011119662866 187.0
805.0465825031494 144.0
331.2099032335839 56.0
1096.5856099730654 196.0
787.4642849044012 136.0
300.66592756745814 53.0
1374.4089638822936 243.0
1024.4998779892558 183.0
592.3681287847954 106.0
678.9698078707182 119.0
507.74009099144416 90.0
1262.1014222319852 226.0
635.6099432828281 112.0
978.6725703727473 180.0
1086.0018416190646 197.0
1796.5522536235899 322.0
614.00325732035 110.0
1348.517704741024 244.0
1304.1855696180662 238.0
395.60080889704966 72.0
865.8521813797087 158.0
1549.5160534825059 281.0
771.5568676384133 139.0
501.1985634456667 88.0
1514.0013210033867 274.0
631.3477647065839 114.0
775.2418977325723 136.0
541.2947441089743 94.0
410.0 78.0
1068.8779163215975 186.0
822.9823813423955 146.0
288.44410203711914 52.0
914.3850392476902 164.0
1078.3784122468328 195.0
841.5461959987699 148.0
718.4010022264724 130.0
710.2816342831906 130.0
756.6372975210778 136.0
490.40799340956914 89.0
451.7742799230607 78.0
1062.308806327049 192.0
278.5677655436824 51.0
543.323108288245 98.0
1880.4254837669052 338.0
1118.033988749895 200.0
326.9556544854363 57.0
848.999411071645 154.0
1618.3015788165073 293.0
700.9279563550023 124.0
924.3916918709298 168.0
1430.139853301068 260.0
1257.179382586272 225.0
1220.2458768625281 218.0
1561.793840428371 282.0
1270.3542812932146 231.0
1301.8832512940628 235.0
746.7261881037788 135.0
495.17673612559787 90.0
1630.0 296.0
1616.9724796668618 286.0
994.8869282486327 178.0
1555.538491969903 281.0
460.10868281309365 82.0
864.002314811714 153.0
1570.1273833673497 276.0
778.7810988975015 136.0
936.055553906925 166.0
779.3587107359486 139.0
793.095202355934 144.0
212.13203435596427 39.0
1074.476616776745 192.0
758.023746329889 134.0
1068.3164325236226 191.0
926.5527507918802 165.0
496.4876634922564 83.0
1192.015100575492 212.0
880.056816347672 151.0
284.2534080710379 48.0
1483.846353232032 261.0
1146.1239025515522 203.0
630.3173803727769 112.0
870.5170877128145 152.0
720.69410986909 127.0
1336.899397860587 238.0
420.47592083257274 74.0
215.40659228538016 38.0
655.2098900352466 120.0
1202.0815280171307 213.0
186.01075237738274 34.0
677.7905281132217 124.0
1233.2072007574395 220.0
957.183368012629 173.0
523.9274758971894 95.0
280.178514522438 52.0
1318.9768762188364 237.0
362.3534186398688 64.0
586.0034129593445 107.0
813.9410298049853 149.0
1423.3762678926469 258.0
400.24992192379 71.0
639.5310782127792 115.0
1423.5870187663274 258.0
1131.4592347937241 201.0
710.2816342831906 127.0
1674.3058263053379 300.0
1320.0378782444086 239.0
984.8857801796105 179.0
848.1155581640983 153.0
452.21676218380054 84.0
1606.5490966665163 291.0
886.1715409558129 155.0
410.0 75.0
1120.1785571952357 205.0
800.812087820857 145.0
529.2447448959697 94.0
820.0609733428363 145.0
418.68842830916645 74.0
338.3784863137726 60.0
962.5487000666511 173.0
393.19206502675 69.0
676.0177512462228 120.0
1852.8356645962965 331.0
1182.9623831720094 210.0
513.1276644267 90.0
755.9100475585703 135.0
1508.409758653132 272.0
870.9190547921202 153.0
884.1379982785493 160.0
1288.7590930814029 234.0
1148.2595525402783 205.0
1206.1509026651681 214.0
1396.0659010233005 252.0
1124.4554237496477 204.0
1234.220401711137 221.0
633.2456079595025 114.0
514.78150704935 91.0
1485.6984889270097 269.0
1654.6903033498443 291.0
1020.0 180.0
1504.1608956491323 270.0
198.4943324127921 36.0
1234.3419299367579 217.0
902.7181176868004 162.0
