529.5280917949491 107.0
1158.015543937127 241.0
730.0684899377592 148.0
771.7512552629895 190.0
572.7128425310541 137.0
1218.2774724995943 374.0
482.59714048054616 124.0
388.9730067755345 88.0
712.5307010929424 171.0
930.0 202.0
332.41540277189324 80.0
572.8001396647875 127.0
990.2019995940223 259.0
1009.603882718366 234.0
282.842712474619 61.0
1217.4152947946727 316.0
1435.4441821262155 336.0
2160.023148024113 509.0
1006.2305898749054 222.0
1647.5436261295176 392.0
1549.451515859725 386.0
364.0054944640259 76.0
860.5230967266364 183.0
1521.2166183683375 317.0
910.2197536858888 192.0
841.1896337925236 202.0
636.5532185135819 141.0
992.9753269845128 233.0
616.1168720299745 152.0
620.966987850401 134.0
769.0253571892152 217.0
1160.6894502837526 248.0
233.45235059857504 46.0
306.10455730027934 72.0
1825.2944967867513 438.0
941.7536832951597 213.0
629.3647591023825 157.0
359.02646142032484 95.0
1028.2509421342631 232.0
213.7755832643195 42.0
721.1102550927978 160.0
824.6211251235321 167.0
1148.5643212288983 254.0
843.0895563343197 188.0
953.3624704172071 206.0
1249.0796611905903 283.0
1129.6902230257638 254.0
1735.396208362805 491.0
557.3149917237109 117.0
1482.7339613025663 319.0
1531.8289721767244 351.0
816.1494961096282 202.0
1260.5157674539419 272.0
1710.7308379753958 365.0
771.0382610480494 159.0
540.3702434442519 133.0
837.3768566183329 180.0
1149.3476410555686 312.0
1271.3772060250255 287.0
499.29950931279717 112.0
269.2582403567252 55.0
1718.4004189943623 439.0
742.4957912338629 193.0
382.099463490856 89.0
1091.6501271011698 220.0
1780.8424972467385 404.0
456.9463863518345 113.0
466.9047011971501 101.0
1194.7384651043926 280.0
325.5764119219941 79.0
724.2237223399962 163.0
732.4616030891995 157.0
968.7620966986683 235.0
595.3990258641678 131.0
937.4433316206372 209.0
261.72504656604804 57.0
800.6247560499238 176.0
980.612053770501 210.0
1238.2245353731284 297.0
967.470929795826 234.0
1467.310464761974 391.0
466.47615158762403 107.0
1351.4806694880988 322.0
1465.3668482670132 331.0
1141.0959644131601 254.0
1351.0366390294528 302.0
1584.9290204927158 368.0
641.9501538281613 149.0
362.49137920783716 106.0
1730.7801709055948 384.0
788.1624198095212 186.0
948.4724561103501 228.0
769.4153624668538 175.0
1385.712812959453 412.0
200.0 38.0
1130.0 240.0
1203.0378215168466 272.0
934.0770846134702 210.0
1039.471019317037 233.0
1360.5881081355958 286.0
411.9465984809196 80.0
361.386219991853 79.0
1461.642911247477 325.0
491.9349550499537 117.0
312.40998703626616 69.0
574.8912940721924 129.0
796.3039620647382 176.0
1526.3354808167173 349.0
539.351462406472 121.0
984.7842403288143 232.0
905.2071586106686 226.0
662.872536767062 187.0
478.53944456021594 98.0
1167.7756633874505 278.0
580.5170109479997 132.0
784.9203781276162 161.0
1105.4863183232978 279.0
340.14702703389895 75.0
918.0958555619343 191.0
609.0155991434045 122.0
1488.388390172404 348.0
1142.322196230118 265.0
1511.985449665439 422.0
728.3543093852057 152.0
1531.012736720371 314.0
1682.3792675850473 362.0
1421.2670403551895 313.0
1633.768649472746 344.0
1761.3914953808537 360.0
865.3323061113574 193.0
611.310068623117 165.0
1951.3328778042971 415.0
1053.612832116238 231.0
300.83217912982644 59.0
605.3924347066124 122.0
1214.3310915891102 244.0
1134.063490286148 276.0
817.8630692236935 199.0
1299.7307413460683 356.0
376.4306044943742 86.0
1205.404496424333 287.0
1337.5350462698163 296.0
1208.3873551142449 266.0
1286.0015552090128 289.0
1438.3671297690307 333.0
514.78150704935 127.0
490.40799340956914 141.0
1605.5217220579732 349.0
700.3570517957252 165.0
167.6305461424021 35.0
292.7456233660889 56.0
887.6936408468858 178.0
354.682957019364 66.0
817.4350127074323 188.0
819.8780397107853 182.0
1516.443206981389 355.0
326.49655434629017 68.0
1118.257573191436 238.0
1120.0446419674531 232.0
679.7793759742935 154.0
815.4140052758476 177.0
1333.641631023867 284.0
488.3646178829912 100.0
447.21359549995793 95.0
1356.244815658294 285.0
396.23225512317896 81.0
586.0034129593445 125.0
294.27877939124323 56.0
346.5544690232691 66.0
886.3972021616494 178.0
586.9412236331675 112.0
671.1929677819934 150.0
272.9468812791236 67.0
890.2246907382428 204.0
331.2099032335839 70.0
659.6969000988257 155.0
809.9382692526635 164.0
1292.749008895385 282.0
931.4504817756015 216.0
892.6925562588724 201.0
144.22205101855957 28.0
876.4131445842195 187.0
1079.1200118615168 217.0
383.275357934736 85.0
694.6221994724903 167.0
515.4609587543949 108.0
715.6814934033156 160.0
877.2684879784523 198.0
545.7105459856901 132.0
629.3647591023825 128.0
320.1562118716424 65.0
228.25424421026653 42.0
852.3496934944014 182.0
674.7592163134935 137.0
272.02941017470886 65.0
360.5551275463989 85.0
1388.0922159568506 321.0
674.68511173732 141.0
491.62994213127416 111.0
475.3945729601885 95.0
1220.040982918197 254.0
629.6824596572466 138.0
452.21676218380054 92.0
1116.8258592994703 255.0
873.6704184073077 175.0
726.2231062146122 161.0
1323.782459469833 286.0
982.344135219425 220.0
846.4632301523794 167.0
449.44410108488466 88.0
1422.3923509355639 341.0
1168.4177335182824 278.0
1652.4527224704493 435.0
653.9113089708726 151.0
1551.9342769589182 366.0
1660.2710622064096 375.0
1169.6580696938743 298.0
1508.9400253157844 346.0
1785.3851125177448 412.0
839.3449827097318 193.0
353.5533905932738 103.0
1924.162155328911 428.0
967.470929795826 230.0
200.9975124224178 44.0
477.07441767506253 113.0
1055.5093557141026 235.0
275.13632984395207 77.0
361.24783736376884 79.0
710.6335201775947 169.0
895.6003573022958 211.0
1314.7243057006285 299.0
864.002314811714 184.0
1280.8200498118383 271.0
1990.6029237394382 417.0
1098.9540481748998 239.0
1346.1797799699712 300.0
1159.7413504743201 249.0
619.8386886924694 168.0
524.0229002629561 108.0
1463.8647478507023 321.0
1132.1660655575224 241.0
1214.9485585818027 279.0
1253.9936203984453 310.0
875.7282683572571 184.0
1435.4441821262155 309.0
1141.7968295629482 240.0
561.426753904728 118.0
1736.2603491412226 362.0
1431.3629868066312 296.0
850.9406559801923 179.0
1258.967831201417 269.0
1140.6138698087095 229.0
1539.5129099815954 353.0
282.3118842698621 67.0
650.0 146.0
1355.1752654177244 292.0
648.1512169239521 135.0
735.5270219373317 175.0
614.6543744251724 147.0
935.200513259055 249.0
264.1968962724581 57.0
893.5882720806043 221.0
581.8934610390462 131.0
1038.7011119662866 215.0
805.0465825031494 200.0
331.2099032335839 74.0
1096.5856099730654 245.0
787.4642849044012 176.0
300.66592756745814 62.0
1374.4089638822936 287.0
1024.4998779892558 232.0
592.3681287847954 120.0
678.9698078707182 159.0
507.74009099144416 104.0
1262.1014222319852 289.0
635.6099432828281 121.0
978.6725703727473 221.0
1086.0018416190646 251.0
1796.5522536235899 424.0
614.00325732035 137.0
1348.517704741024 307.0
1304.1855696180662 301.0
395.60080889704966 95.0
865.8521813797087 190.0
1549.5160534825059 353.0
771.5568676384133 169.0
501.1985634456667 117.0
1514.0013210033867 354.0
631.3477647065839 150.0
775.2418977325723 169.0
541.2947441089743 125.0
410.0 92.0
1068.8779163215975 228.0
822.9823813423955 181.0
288.44410203711914 69.0
914.3850392476902 197.0
1078.3784122468328 236.0
841.5461959987699 213.0
718.4010022264724 162.0
710.2816342831906 154.0
756.6372975210778 169.0
490.40799340956914 105.0
451.7742799230607 116.0
1062.308806327049 242.0
278.5677655436824 57.0
543.323108288245 118.0
1880.4254837669052 437.0
1118.033988749895 245.0
326.9556544854363 72.0
848.999411071645 200.0
1618.3015788165073 359.0
700.9279563550023 169.0
924.3916918709298 208.0
1430.139853301068 327.0
1257.179382586272 280.0
1220.2458768625281 277.0
1561.793840428371 358.0
1270.3542812932146 292.0
1301.8832512940628 283.0
746.7261881037788 172.0
495.17673612559787 110.0
1630.0 371.0
1616.9724796668618 345.0
994.8869282486327 220.0
1555.538491969903 352.0
460.10868281309365 108.0
864.002314811714 191.0
1570.1273833673497 337.0
778.7810988975015 165.0
936.055553906925 220.0
779.3587107359486 188.0
793.095202355934 190.0
212.13203435596427 43.0
1074.476616776745 266.0
758.023746329889 161.0
1068.3164325236226 216.0
926.5527507918802 241.0
496.4876634922564 104.0
1192.015100575492 246.0
880.056816347672 177.0
284.2534080710379 55.0
1483.846353232032 299.0
1146.1239025515522 233.0
630.3173803727769 121.0
870.5170877128145 189.0
720.69410986909 149.0
1336.899397860587 290.0
420.47592083257274 80.0
215.40659228538016 41.0
655.2098900352466 147.0
1202.0815280171307 265.0
186.01075237738274 45.0
677.7905281132217 139.0
1233.2072007574395 273.0
957.183368012629 228.0
523.9274758971894 121.0
280.178514522438 60.0
1318.9768762188364 314.0
362.3534186398688 81.0
586.0034129593445 132.0
813.9410298049853 189.0
1423.3762678926469 308.0
400.24992192379 112.0
639.5310782127792 158.0
1423.5870187663274 335.0
1131.4592347937241 266.0
710.2816342831906 155.0
1674.3058263053379 380.0
1320.0378782444086 314.0
984.8857801796105 213.0
848.1155581640983 182.0
452.21676218380054 97.0
1606.5490966665163 379.0
886.1715409558129 189.0
410.0 93.0
1120.1785571952357 247.0
800.812087820857 178.0
529.2447448959697 124.0
820.0609733428363 167.0
418.68842830916645 79.0
338.3784863137726 77.0
962.5487000666511 205.0
393.19206502675 97.0
676.0177512462228 185.0
1852.8356645962965 435.0
1182.9623831720094 243.0
513.1276644267 111.0
755.9100475585703 163.0
1508.409758653132 322.0
870.9190547921202 238.0
884.1379982785493 206.0
1288.7590930814029 288.0
1148.2595525402783 243.0
1206.1509026651681 275.0
1396.0659010233005 319.0
1124.4554237496477 253.0
1234.220401711137 281.0
633.2456079595025 135.0
514.78150704935 108.0
1485.6984889270097 332.0
1654.6903033498443 342.0
1020.0 218.0
1504.1608956491323 350.0
198.4943324127921 39.0
1234.3419299367579 263.0
902.7181176868004 199.0
