23384.136693561777 -4193.0 [2.0, 4.0, 8.0, 12.0, 14.0, 22.0, 15.0, 10.0, 21.0, 11.0, 13.0, 7.0, 23.0, 1.0, 19.0, 25.0, 29.0, 18.0, 16.0, 26.0, 28.0, 27.0, 9.0, 5.0, 6.0, 17.0, 24.0, 20.0, 3.0]
24058.097040637786 -4319.0 [26.0, 6.0, 17.0, 27.0, 23.0, 25.0, 1.0, 9.0, 28.0, 24.0, 11.0, 18.0, 3.0, 13.0, 14.0, 2.0, 20.0, 15.0, 10.0, 21.0, 16.0, 7.0, 22.0, 8.0, 5.0, 29.0, 19.0, 12.0, 4.0]
26010.057048301693 -4674.0 [17.0, 15.0, 20.0, 5.0, 24.0, 10.0, 8.0, 16.0, 14.0, 6.0, 13.0, 19.0, 1.0, 7.0, 28.0, 11.0, 4.0, 12.0, 25.0, 2.0, 22.0, 26.0, 3.0, 29.0, 21.0, 27.0, 18.0, 9.0, 23.0]
26003.246099845353 -4666.0 [4.0, 24.0, 12.0, 3.0, 7.0, 11.0, 1.0, 18.0, 10.0, 20.0, 27.0, 2.0, 13.0, 14.0, 15.0, 17.0, 16.0, 29.0, 23.0, 25.0, 5.0, 21.0, 28.0, 26.0, 6.0, 8.0, 22.0, 9.0, 19.0]
28009.521104883683 -5025.0 [15.0, 8.0, 16.0, 9.0, 1.0, 29.0, 22.0, 24.0, 12.0, 20.0, 25.0, 6.0, 4.0, 7.0, 11.0, 28.0, 27.0, 14.0, 3.0, 10.0, 26.0, 19.0, 2.0, 17.0, 21.0, 5.0, 13.0, 18.0, 23.0]
25858.37534689671 -4647.0 [20.0, 17.0, 5.0, 23.0, 13.0, 25.0, 16.0, 19.0, 9.0, 29.0, 24.0, 12.0, 7.0, 18.0, 8.0, 1.0, 2.0, 6.0, 28.0, 11.0, 21.0, 10.0, 3.0, 22.0, 15.0, 26.0, 14.0, 4.0, 27.0]
27804.78688960303 -4985.0 [6.0, 11.0, 17.0, 28.0, 16.0, 2.0, 3.0, 7.0, 26.0, 15.0, 14.0, 23.0, 4.0, 5.0, 24.0, 1.0, 13.0, 8.0, 21.0, 18.0, 20.0, 29.0, 22.0, 19.0, 27.0, 12.0, 25.0, 9.0, 10.0]
23665.09782499857 -4241.0 [23.0, 20.0, 1.0, 8.0, 9.0, 17.0, 29.0, 3.0, 2.0, 22.0, 19.0, 21.0, 26.0, 10.0, 11.0, 4.0, 15.0, 6.0, 5.0, 25.0, 13.0, 14.0, 27.0, 28.0, 24.0, 16.0, 12.0, 18.0, 7.0]
21056.915173812893 -3766.0 [26.0, 24.0, 20.0, 16.0, 25.0, 21.0, 5.0, 4.0, 2.0, 17.0, 13.0, 10.0, 19.0, 15.0, 9.0, 12.0, 8.0, 23.0, 3.0, 29.0, 6.0, 28.0, 27.0, 14.0, 18.0, 7.0, 22.0, 11.0, 1.0]
24016.986026887073 -4307.0 [7.0, 2.0, 9.0, 28.0, 8.0, 27.0, 17.0, 13.0, 24.0, 19.0, 4.0, 11.0, 21.0, 23.0, 20.0, 29.0, 14.0, 3.0, 16.0, 6.0, 25.0, 5.0, 26.0, 10.0, 12.0, 1.0, 15.0, 18.0, 22.0]
27174.199484156594 -4877.0 [22.0, 23.0, 9.0, 17.0, 3.0, 15.0, 16.0, 21.0, 1.0, 14.0, 28.0, 25.0, 4.0, 11.0, 18.0, 6.0, 27.0, 8.0, 5.0, 19.0, 20.0, 26.0, 24.0, 29.0, 2.0, 13.0, 12.0, 7.0, 10.0]
25509.914351116524 -4585.0 [19.0, 11.0, 4.0, 27.0, 1.0, 10.0, 13.0, 18.0, 24.0, 23.0, 5.0, 16.0, 3.0, 14.0, 28.0, 21.0, 26.0, 20.0, 12.0, 22.0, 17.0, 29.0, 15.0, 2.0, 7.0, 8.0, 9.0, 6.0, 25.0]
23884.070620782804 -4291.0 [12.0, 29.0, 23.0, 26.0, 18.0, 9.0, 25.0, 4.0, 20.0, 19.0, 13.0, 21.0, 6.0, 10.0, 5.0, 8.0, 7.0, 2.0, 11.0, 22.0, 17.0, 3.0, 15.0, 14.0, 28.0, 16.0, 27.0, 24.0, 1.0]
25789.288153669848 -4626.0 [25.0, 13.0, 8.0, 19.0, 11.0, 3.0, 18.0, 5.0, 20.0, 7.0, 22.0, 21.0, 2.0, 15.0, 29.0, 26.0, 17.0, 6.0, 4.0, 9.0, 12.0, 16.0, 14.0, 28.0, 24.0, 10.0, 27.0, 23.0, 1.0]
22211.61870222253 -3983.0 [25.0, 7.0, 15.0, 3.0, 26.0, 17.0, 20.0, 5.0, 29.0, 19.0, 23.0, 8.0, 9.0, 27.0, 1.0, 14.0, 10.0, 2.0, 11.0, 18.0, 4.0, 12.0, 22.0, 13.0, 16.0, 24.0, 6.0, 21.0, 28.0]
29243.59134375894 -5260.0 [28.0, 4.0, 20.0, 13.0, 22.0, 1.0, 11.0, 24.0, 18.0, 8.0, 23.0, 12.0, 19.0, 5.0, 26.0, 2.0, 15.0, 3.0, 10.0, 21.0, 25.0, 9.0, 16.0, 14.0, 6.0, 17.0, 29.0, 7.0, 27.0]
25524.806316687936 -4587.0 [10.0, 5.0, 3.0, 17.0, 19.0, 1.0, 13.0, 15.0, 18.0, 28.0, 4.0, 9.0, 16.0, 11.0, 26.0, 14.0, 27.0, 23.0, 6.0, 29.0, 22.0, 2.0, 24.0, 8.0, 25.0, 7.0, 21.0, 20.0, 12.0]
24036.81514427246 -4315.0 [18.0, 16.0, 13.0, 21.0, 14.0, 19.0, 17.0, 29.0, 25.0, 4.0, 3.0, 22.0, 15.0, 10.0, 1.0, 11.0, 12.0, 5.0, 26.0, 24.0, 27.0, 8.0, 23.0, 2.0, 9.0, 7.0, 20.0, 6.0, 28.0]
29513.386521712495 -5289.0 [6.0, 8.0, 11.0, 21.0, 28.0, 2.0, 22.0, 27.0, 15.0, 24.0, 10.0, 9.0, 19.0, 1.0, 3.0, 14.0, 23.0, 4.0, 5.0, 13.0, 26.0, 20.0, 25.0, 29.0, 17.0, 12.0, 18.0, 16.0, 7.0]
30443.802630311853 -5460.0 [11.0, 27.0, 16.0, 4.0, 9.0, 23.0, 10.0, 24.0, 25.0, 6.0, 14.0, 28.0, 18.0, 21.0, 8.0, 26.0, 17.0, 12.0, 22.0, 3.0, 7.0, 20.0, 1.0, 13.0, 2.0, 29.0, 19.0, 15.0, 5.0]
28522.922302017618 -5112.0 [11.0, 21.0, 17.0, 3.0, 6.0, 1.0, 28.0, 27.0, 7.0, 29.0, 10.0, 5.0, 25.0, 12.0, 4.0, 8.0, 19.0, 13.0, 9.0, 15.0, 2.0, 18.0, 23.0, 14.0, 26.0, 24.0, 22.0, 20.0, 16.0]
24675.77739272157 -4433.0 [17.0, 6.0, 5.0, 3.0, 20.0, 8.0, 19.0, 25.0, 16.0, 2.0, 21.0, 10.0, 23.0, 27.0, 7.0, 12.0, 26.0, 18.0, 1.0, 11.0, 4.0, 9.0, 22.0, 24.0, 28.0, 13.0, 15.0, 29.0, 14.0]
26110.74920809776 -4690.0 [18.0, 20.0, 2.0, 1.0, 11.0, 14.0, 5.0, 10.0, 29.0, 22.0, 6.0, 27.0, 23.0, 15.0, 17.0, 7.0, 8.0, 16.0, 9.0, 28.0, 24.0, 26.0, 19.0, 3.0, 25.0, 12.0, 4.0, 13.0, 21.0]
21541.40925167307 -3856.0 [12.0, 23.0, 29.0, 26.0, 14.0, 22.0, 2.0, 6.0, 5.0, 11.0, 16.0, 15.0, 3.0, 9.0, 20.0, 21.0, 1.0, 18.0, 17.0, 10.0, 4.0, 19.0, 24.0, 7.0, 13.0, 27.0, 8.0, 25.0, 28.0]
23504.044997110555 -4214.0 [27.0, 29.0, 25.0, 13.0, 20.0, 2.0, 24.0, 7.0, 8.0, 5.0, 6.0, 19.0, 11.0, 28.0, 9.0, 26.0, 4.0, 17.0, 22.0, 23.0, 10.0, 15.0, 18.0, 12.0, 1.0, 14.0, 3.0, 21.0, 16.0]
23333.663156273047 -4188.0 [8.0, 13.0, 20.0, 15.0, 18.0, 19.0, 22.0, 9.0, 21.0, 24.0, 14.0, 5.0, 17.0, 2.0, 16.0, 11.0, 3.0, 10.0, 25.0, 7.0, 23.0, 4.0, 26.0, 1.0, 27.0, 6.0, 28.0, 29.0, 12.0]
21406.996922954324 -3843.0 [4.0, 27.0, 25.0, 7.0, 16.0, 22.0, 3.0, 29.0, 20.0, 21.0, 11.0, 28.0, 24.0, 8.0, 23.0, 14.0, 10.0, 15.0, 26.0, 6.0, 2.0, 13.0, 9.0, 1.0, 5.0, 12.0, 18.0, 19.0, 17.0]
22961.620659999422 -4101.0 [18.0, 17.0, 14.0, 11.0, 26.0, 4.0, 19.0, 21.0, 22.0, 23.0, 6.0, 5.0, 13.0, 2.0, 10.0, 8.0, 3.0, 24.0, 25.0, 20.0, 9.0, 28.0, 1.0, 12.0, 7.0, 16.0, 27.0, 15.0, 29.0]
30609.66202563697 -5496.0 [5.0, 17.0, 8.0, 25.0, 12.0, 27.0, 18.0, 21.0, 2.0, 4.0, 24.0, 10.0, 13.0, 29.0, 7.0, 26.0, 28.0, 22.0, 23.0, 11.0, 3.0, 16.0, 20.0, 1.0, 19.0, 9.0, 15.0, 14.0, 6.0]
24782.24436587546 -4448.0 [20.0, 11.0, 25.0, 24.0, 27.0, 10.0, 17.0, 26.0, 15.0, 18.0, 9.0, 1.0, 16.0, 7.0, 14.0, 6.0, 28.0, 12.0, 22.0, 21.0, 2.0, 3.0, 19.0, 5.0, 8.0, 29.0, 13.0, 4.0, 23.0]
27748.89359356058 -4984.0 [21.0, 25.0, 5.0, 12.0, 11.0, 1.0, 14.0, 15.0, 22.0, 24.0, 19.0, 27.0, 10.0, 3.0, 7.0, 13.0, 6.0, 17.0, 2.0, 26.0, 16.0, 28.0, 9.0, 18.0, 8.0, 23.0, 20.0, 4.0, 29.0]
27336.81778102789 -4902.0 [29.0, 15.0, 28.0, 25.0, 10.0, 14.0, 26.0, 12.0, 17.0, 9.0, 18.0, 11.0, 19.0, 2.0, 5.0, 23.0, 21.0, 13.0, 4.0, 3.0, 7.0, 20.0, 8.0, 27.0, 1.0, 6.0, 22.0, 24.0, 16.0]
25167.421201519766 -4512.0 [27.0, 9.0, 22.0, 19.0, 7.0, 16.0, 10.0, 2.0, 29.0, 24.0, 18.0, 20.0, 23.0, 28.0, 26.0, 11.0, 4.0, 5.0, 12.0, 17.0, 15.0, 21.0, 8.0, 25.0, 13.0, 1.0, 14.0, 3.0, 6.0]
23315.400331409845 -4182.0 [16.0, 26.0, 1.0, 11.0, 27.0, 24.0, 6.0, 5.0, 29.0, 21.0, 8.0, 28.0, 4.0, 12.0, 7.0, 23.0, 18.0, 25.0, 10.0, 22.0, 9.0, 2.0, 3.0, 19.0, 14.0, 13.0, 20.0, 15.0, 17.0]
25370.506953490367 -4552.0 [8.0, 6.0, 27.0, 10.0, 25.0, 9.0, 28.0, 7.0, 15.0, 11.0, 12.0, 26.0, 17.0, 21.0, 13.0, 29.0, 1.0, 20.0, 22.0, 18.0, 3.0, 16.0, 5.0, 24.0, 23.0, 2.0, 14.0, 4.0, 19.0]
25308.194844217713 -4545.0 [10.0, 13.0, 14.0, 12.0, 6.0, 28.0, 4.0, 26.0, 19.0, 5.0, 25.0, 1.0, 21.0, 22.0, 11.0, 16.0, 27.0, 8.0, 29.0, 24.0, 7.0, 18.0, 15.0, 9.0, 17.0, 23.0, 2.0, 20.0, 3.0]
22535.999060794496 -4034.0 [24.0, 28.0, 7.0, 22.0, 6.0, 1.0, 10.0, 13.0, 8.0, 15.0, 4.0, 11.0, 23.0, 12.0, 27.0, 19.0, 29.0, 5.0, 21.0, 16.0, 17.0, 9.0, 2.0, 25.0, 18.0, 14.0, 20.0, 3.0, 26.0]
27866.97116623783 -5005.0 [28.0, 22.0, 6.0, 17.0, 2.0, 1.0, 20.0, 7.0, 12.0, 5.0, 9.0, 18.0, 16.0, 14.0, 8.0, 21.0, 25.0, 23.0, 29.0, 4.0, 26.0, 19.0, 3.0, 10.0, 13.0, 24.0, 27.0, 11.0, 15.0]
24134.05890191032 -4328.0 [8.0, 11.0, 20.0, 5.0, 4.0, 17.0, 14.0, 15.0, 27.0, 2.0, 26.0, 29.0, 12.0, 25.0, 16.0, 10.0, 18.0, 24.0, 7.0, 22.0, 28.0, 13.0, 21.0, 9.0, 23.0, 3.0, 19.0, 6.0, 1.0]
22989.72013219935 -4119.0 [24.0, 5.0, 1.0, 23.0, 13.0, 3.0, 17.0, 18.0, 2.0, 15.0, 26.0, 22.0, 11.0, 12.0, 6.0, 21.0, 27.0, 28.0, 7.0, 20.0, 4.0, 16.0, 25.0, 10.0, 19.0, 14.0, 29.0, 9.0, 8.0]
25255.670139852307 -4537.0 [3.0, 25.0, 27.0, 11.0, 28.0, 19.0, 20.0, 18.0, 15.0, 29.0, 26.0, 12.0, 24.0, 14.0, 16.0, 4.0, 6.0, 23.0, 22.0, 7.0, 2.0, 5.0, 13.0, 10.0, 21.0, 8.0, 1.0, 17.0, 9.0]
22027.033225586954 -3938.0 [4.0, 17.0, 18.0, 10.0, 5.0, 16.0, 26.0, 12.0, 24.0, 22.0, 20.0, 19.0, 25.0, 1.0, 3.0, 29.0, 23.0, 28.0, 11.0, 14.0, 2.0, 15.0, 13.0, 27.0, 7.0, 8.0, 9.0, 6.0, 21.0]
26403.565062901795 -4744.0 [21.0, 16.0, 3.0, 18.0, 14.0, 15.0, 28.0, 22.0, 2.0, 5.0, 25.0, 13.0, 19.0, 10.0, 12.0, 26.0, 17.0, 29.0, 9.0, 11.0, 1.0, 4.0, 24.0, 6.0, 7.0, 27.0, 23.0, 20.0, 8.0]
24734.50422630623 -4445.0 [22.0, 21.0, 12.0, 24.0, 28.0, 27.0, 6.0, 25.0, 1.0, 11.0, 16.0, 13.0, 26.0, 8.0, 23.0, 10.0, 18.0, 19.0, 7.0, 15.0, 2.0, 29.0, 14.0, 20.0, 5.0, 4.0, 9.0, 17.0, 3.0]
26443.960622024766 -4758.0 [26.0, 2.0, 28.0, 17.0, 23.0, 19.0, 27.0, 6.0, 22.0, 15.0, 18.0, 21.0, 12.0, 11.0, 3.0, 14.0, 1.0, 24.0, 13.0, 5.0, 25.0, 4.0, 10.0, 16.0, 7.0, 9.0, 8.0, 29.0, 20.0]
24268.43357531749 -4355.0 [26.0, 1.0, 19.0, 2.0, 22.0, 24.0, 23.0, 25.0, 9.0, 10.0, 18.0, 13.0, 8.0, 7.0, 28.0, 6.0, 29.0, 14.0, 27.0, 15.0, 4.0, 11.0, 16.0, 5.0, 21.0, 12.0, 17.0, 20.0, 3.0]
26635.88267731788 -4791.0 [19.0, 20.0, 28.0, 9.0, 7.0, 22.0, 29.0, 4.0, 14.0, 3.0, 17.0, 6.0, 24.0, 25.0, 23.0, 26.0, 16.0, 11.0, 27.0, 12.0, 13.0, 15.0, 10.0, 8.0, 18.0, 5.0, 21.0, 1.0, 2.0]
27308.087241948557 -4895.0 [21.0, 5.0, 12.0, 9.0, 23.0, 22.0, 29.0, 7.0, 18.0, 2.0, 25.0, 8.0, 28.0, 13.0, 14.0, 1.0, 19.0, 10.0, 27.0, 17.0, 20.0, 6.0, 4.0, 24.0, 15.0, 3.0, 11.0, 16.0, 26.0]
25391.206283312058 -4555.0 [23.0, 15.0, 2.0, 14.0, 29.0, 28.0, 24.0, 20.0, 19.0, 7.0, 22.0, 1.0, 10.0, 9.0, 21.0, 17.0, 4.0, 26.0, 18.0, 5.0, 11.0, 25.0, 16.0, 3.0, 6.0, 8.0, 27.0, 12.0, 13.0]
30205.525649538915 -5414.0 [10.0, 7.0, 2.0, 4.0, 16.0, 13.0, 3.0, 27.0, 11.0, 12.0, 22.0, 6.0, 29.0, 17.0, 8.0, 18.0, 26.0, 28.0, 15.0, 1.0, 19.0, 21.0, 20.0, 14.0, 5.0, 23.0, 25.0, 24.0, 9.0]
23603.62681249009 -4230.0 [22.0, 10.0, 23.0, 16.0, 26.0, 12.0, 11.0, 18.0, 17.0, 13.0, 24.0, 9.0, 19.0, 15.0, 6.0, 2.0, 4.0, 3.0, 1.0, 7.0, 27.0, 25.0, 8.0, 21.0, 5.0, 29.0, 28.0, 14.0, 20.0]
24373.390013302782 -4380.0 [3.0, 23.0, 11.0, 4.0, 29.0, 26.0, 7.0, 19.0, 12.0, 18.0, 9.0, 2.0, 10.0, 24.0, 8.0, 1.0, 21.0, 17.0, 27.0, 13.0, 22.0, 15.0, 14.0, 5.0, 6.0, 16.0, 25.0, 28.0, 20.0]
25633.906502798352 -4597.0 [1.0, 20.0, 22.0, 26.0, 4.0, 17.0, 5.0, 9.0, 6.0, 3.0, 25.0, 8.0, 18.0, 11.0, 24.0, 21.0, 28.0, 10.0, 29.0, 23.0, 14.0, 13.0, 19.0, 16.0, 2.0, 15.0, 27.0, 7.0, 12.0]
28739.470608384552 -5141.0 [11.0, 9.0, 4.0, 19.0, 1.0, 22.0, 25.0, 3.0, 27.0, 29.0, 28.0, 24.0, 10.0, 23.0, 26.0, 15.0, 18.0, 21.0, 5.0, 8.0, 17.0, 6.0, 13.0, 16.0, 7.0, 2.0, 20.0, 12.0, 14.0]
26444.906182137143 -4759.0 [23.0, 20.0, 16.0, 19.0, 8.0, 1.0, 11.0, 15.0, 3.0, 17.0, 29.0, 6.0, 21.0, 4.0, 9.0, 27.0, 10.0, 22.0, 7.0, 5.0, 14.0, 28.0, 25.0, 2.0, 13.0, 18.0, 24.0, 12.0, 26.0]
25064.434184429098 -4498.0 [13.0, 17.0, 19.0, 4.0, 7.0, 9.0, 6.0, 14.0, 24.0, 28.0, 21.0, 16.0, 29.0, 5.0, 20.0, 3.0, 12.0, 18.0, 26.0, 8.0, 1.0, 11.0, 23.0, 25.0, 2.0, 10.0, 15.0, 22.0, 27.0]
25753.232402126032 -4624.0 [11.0, 3.0, 16.0, 21.0, 12.0, 24.0, 9.0, 19.0, 27.0, 7.0, 22.0, 4.0, 6.0, 2.0, 10.0, 23.0, 8.0, 28.0, 18.0, 14.0, 13.0, 5.0, 15.0, 1.0, 20.0, 29.0, 17.0, 26.0, 25.0]
26162.523123744308 -4697.0 [28.0, 25.0, 1.0, 6.0, 4.0, 9.0, 21.0, 29.0, 22.0, 16.0, 20.0, 13.0, 18.0, 5.0, 23.0, 17.0, 27.0, 15.0, 14.0, 3.0, 2.0, 7.0, 8.0, 24.0, 10.0, 26.0, 12.0, 11.0, 19.0]
21234.300044088224 -3807.0 [12.0, 6.0, 20.0, 18.0, 1.0, 5.0, 10.0, 11.0, 16.0, 17.0, 15.0, 27.0, 14.0, 13.0, 4.0, 19.0, 22.0, 2.0, 21.0, 25.0, 23.0, 8.0, 3.0, 26.0, 29.0, 7.0, 24.0, 28.0, 9.0]
25640.54942101787 -4602.0 [10.0, 24.0, 8.0, 14.0, 29.0, 13.0, 19.0, 3.0, 27.0, 16.0, 12.0, 26.0, 15.0, 18.0, 21.0, 28.0, 11.0, 20.0, 7.0, 4.0, 2.0, 23.0, 25.0, 6.0, 9.0, 1.0, 17.0, 22.0, 5.0]
23533.41202082057 -4219.0 [24.0, 23.0, 25.0, 28.0, 9.0, 8.0, 16.0, 27.0, 5.0, 18.0, 2.0, 3.0, 7.0, 15.0, 6.0, 21.0, 20.0, 13.0, 12.0, 4.0, 10.0, 19.0, 22.0, 11.0, 14.0, 26.0, 17.0, 29.0, 1.0]
23393.926175579465 -4195.0 [9.0, 16.0, 26.0, 4.0, 19.0, 15.0, 25.0, 5.0, 17.0, 22.0, 13.0, 14.0, 20.0, 10.0, 1.0, 7.0, 18.0, 28.0, 11.0, 27.0, 23.0, 29.0, 2.0, 12.0, 8.0, 24.0, 6.0, 21.0, 3.0]
27561.484800092527 -4952.0 [19.0, 21.0, 6.0, 8.0, 25.0, 12.0, 20.0, 14.0, 26.0, 1.0, 15.0, 22.0, 29.0, 23.0, 10.0, 13.0, 18.0, 27.0, 28.0, 17.0, 9.0, 5.0, 16.0, 11.0, 2.0, 3.0, 7.0, 24.0, 4.0]
23826.360180964475 -4282.0 [8.0, 16.0, 19.0, 7.0, 9.0, 25.0, 6.0, 21.0, 24.0, 23.0, 2.0, 22.0, 4.0, 17.0, 28.0, 12.0, 20.0, 26.0, 3.0, 14.0, 15.0, 5.0, 1.0, 10.0, 13.0, 11.0, 18.0, 27.0, 29.0]
24348.97737523075 -4376.0 [25.0, 23.0, 12.0, 24.0, 14.0, 18.0, 5.0, 11.0, 3.0, 9.0, 1.0, 10.0, 28.0, 26.0, 15.0, 20.0, 27.0, 8.0, 2.0, 22.0, 13.0, 4.0, 29.0, 21.0, 6.0, 17.0, 16.0, 7.0, 19.0]
28866.744683093977 -5174.0 [18.0, 5.0, 25.0, 8.0, 10.0, 11.0, 26.0, 22.0, 7.0, 20.0, 12.0, 14.0, 23.0, 9.0, 16.0, 1.0, 4.0, 24.0, 3.0, 15.0, 17.0, 2.0, 27.0, 19.0, 28.0, 13.0, 21.0, 29.0, 6.0]
24165.11099725205 -4337.0 [21.0, 25.0, 17.0, 3.0, 6.0, 2.0, 15.0, 11.0, 4.0, 10.0, 1.0, 23.0, 27.0, 16.0, 7.0, 26.0, 13.0, 12.0, 29.0, 20.0, 18.0, 24.0, 9.0, 19.0, 5.0, 8.0, 22.0, 14.0, 28.0]
26195.735256570464 -4705.0 [29.0, 12.0, 27.0, 16.0, 23.0, 9.0, 6.0, 7.0, 1.0, 4.0, 22.0, 10.0, 26.0, 15.0, 13.0, 21.0, 5.0, 25.0, 24.0, 20.0, 28.0, 17.0, 3.0, 11.0, 8.0, 18.0, 19.0, 2.0, 14.0]
27264.50783212771 -4892.0 [3.0, 20.0, 14.0, 17.0, 2.0, 13.0, 10.0, 24.0, 7.0, 5.0, 4.0, 12.0, 19.0, 15.0, 1.0, 18.0, 8.0, 9.0, 23.0, 22.0, 26.0, 25.0, 28.0, 11.0, 27.0, 16.0, 6.0, 29.0, 21.0]
27880.267799929068 -5006.0 [3.0, 24.0, 4.0, 23.0, 27.0, 12.0, 18.0, 8.0, 11.0, 9.0, 21.0, 13.0, 6.0, 1.0, 10.0, 25.0, 29.0, 15.0, 17.0, 22.0, 5.0, 20.0, 7.0, 2.0, 19.0, 26.0, 14.0, 28.0, 16.0]
24807.58511654892 -4451.0 [12.0, 22.0, 20.0, 4.0, 8.0, 11.0, 23.0, 19.0, 28.0, 10.0, 29.0, 21.0, 25.0, 9.0, 6.0, 17.0, 1.0, 5.0, 7.0, 16.0, 24.0, 2.0, 3.0, 26.0, 27.0, 18.0, 14.0, 15.0, 13.0]
28966.656647092925 -5185.0 [18.0, 7.0, 20.0, 1.0, 17.0, 24.0, 19.0, 12.0, 9.0, 22.0, 6.0, 23.0, 14.0, 3.0, 27.0, 26.0, 21.0, 11.0, 2.0, 5.0, 15.0, 8.0, 13.0, 29.0, 28.0, 10.0, 25.0, 16.0, 4.0]
28331.2847662805 -5074.0 [25.0, 20.0, 29.0, 7.0, 22.0, 3.0, 24.0, 21.0, 8.0, 19.0, 28.0, 23.0, 5.0, 14.0, 12.0, 1.0, 2.0, 18.0, 10.0, 13.0, 9.0, 16.0, 15.0, 6.0, 11.0, 27.0, 17.0, 4.0, 26.0]
28759.417935132795 -5173.0 [29.0, 20.0, 26.0, 15.0, 8.0, 27.0, 25.0, 16.0, 1.0, 21.0, 11.0, 9.0, 22.0, 6.0, 19.0, 12.0, 14.0, 23.0, 17.0, 2.0, 13.0, 4.0, 18.0, 3.0, 10.0, 28.0, 7.0, 5.0, 24.0]
24862.30212834563 -4480.0 [19.0, 1.0, 12.0, 24.0, 25.0, 16.0, 27.0, 10.0, 13.0, 6.0, 14.0, 18.0, 28.0, 9.0, 20.0, 11.0, 23.0, 7.0, 21.0, 4.0, 5.0, 15.0, 26.0, 22.0, 3.0, 29.0, 17.0, 2.0, 8.0]
24627.448916094898 -4423.0 [21.0, 1.0, 14.0, 16.0, 4.0, 7.0, 23.0, 24.0, 10.0, 27.0, 2.0, 13.0, 17.0, 15.0, 12.0, 26.0, 25.0, 8.0, 9.0, 5.0, 3.0, 6.0, 22.0, 20.0, 11.0, 19.0, 29.0, 18.0, 28.0]
25698.216716192746 -4613.0 [29.0, 1.0, 26.0, 17.0, 7.0, 5.0, 25.0, 10.0, 3.0, 19.0, 15.0, 22.0, 20.0, 18.0, 4.0, 27.0, 8.0, 12.0, 21.0, 16.0, 14.0, 9.0, 11.0, 24.0, 2.0, 13.0, 6.0, 23.0, 28.0]
29995.014516625586 -5380.0 [8.0, 16.0, 22.0, 12.0, 13.0, 17.0, 26.0, 19.0, 2.0, 11.0, 23.0, 29.0, 18.0, 27.0, 21.0, 25.0, 20.0, 15.0, 3.0, 7.0, 9.0, 28.0, 24.0, 10.0, 14.0, 6.0, 4.0, 1.0, 5.0]
23346.67134504958 -4189.0 [5.0, 11.0, 18.0, 20.0, 26.0, 2.0, 25.0, 16.0, 1.0, 4.0, 12.0, 27.0, 6.0, 21.0, 15.0, 9.0, 28.0, 19.0, 10.0, 3.0, 29.0, 7.0, 14.0, 22.0, 13.0, 17.0, 24.0, 23.0, 8.0]
28596.667513536115 -5125.0 [7.0, 3.0, 8.0, 27.0, 28.0, 22.0, 19.0, 13.0, 25.0, 26.0, 14.0, 9.0, 15.0, 1.0, 5.0, 4.0, 29.0, 10.0, 24.0, 12.0, 11.0, 23.0, 21.0, 18.0, 20.0, 16.0, 2.0, 6.0, 17.0]
22055.132211779004 -3960.0 [21.0, 20.0, 29.0, 13.0, 10.0, 6.0, 9.0, 15.0, 18.0, 17.0, 26.0, 19.0, 14.0, 7.0, 23.0, 25.0, 2.0, 22.0, 24.0, 28.0, 12.0, 1.0, 3.0, 5.0, 16.0, 11.0, 8.0, 27.0, 4.0]
28162.564650009706 -5062.0 [26.0, 23.0, 2.0, 25.0, 5.0, 22.0, 3.0, 4.0, 29.0, 20.0, 15.0, 17.0, 6.0, 24.0, 14.0, 1.0, 28.0, 19.0, 13.0, 18.0, 7.0, 9.0, 8.0, 27.0, 11.0, 21.0, 12.0, 16.0, 10.0]
23236.64823633072 -4169.0 [14.0, 2.0, 4.0, 8.0, 13.0, 10.0, 6.0, 19.0, 25.0, 21.0, 15.0, 18.0, 5.0, 3.0, 17.0, 22.0, 16.0, 11.0, 24.0, 9.0, 28.0, 1.0, 12.0, 7.0, 23.0, 26.0, 27.0, 20.0, 29.0]
25231.366104537323 -4521.0 [29.0, 25.0, 9.0, 5.0, 2.0, 21.0, 27.0, 3.0, 10.0, 16.0, 8.0, 11.0, 20.0, 12.0, 7.0, 22.0, 4.0, 17.0, 28.0, 15.0, 6.0, 1.0, 13.0, 14.0, 18.0, 26.0, 24.0, 19.0, 23.0]
27851.568813741163 -4988.0 [21.0, 25.0, 20.0, 1.0, 4.0, 23.0, 2.0, 28.0, 13.0, 8.0, 15.0, 29.0, 5.0, 6.0, 27.0, 24.0, 18.0, 19.0, 11.0, 9.0, 17.0, 16.0, 22.0, 10.0, 26.0, 14.0, 3.0, 7.0, 12.0]
21894.96379789105 -3920.0 [4.0, 21.0, 9.0, 12.0, 24.0, 17.0, 7.0, 25.0, 15.0, 18.0, 1.0, 8.0, 11.0, 16.0, 13.0, 28.0, 27.0, 14.0, 3.0, 2.0, 6.0, 26.0, 10.0, 20.0, 19.0, 23.0, 22.0, 5.0, 29.0]
26292.093437964213 -4727.0 [12.0, 27.0, 10.0, 14.0, 26.0, 15.0, 2.0, 18.0, 16.0, 23.0, 8.0, 24.0, 19.0, 1.0, 4.0, 25.0, 6.0, 28.0, 11.0, 29.0, 13.0, 22.0, 21.0, 20.0, 9.0, 17.0, 3.0, 5.0, 7.0]
23762.28841794715 -4261.0 [21.0, 26.0, 15.0, 22.0, 16.0, 7.0, 13.0, 9.0, 10.0, 18.0, 20.0, 5.0, 8.0, 23.0, 29.0, 12.0, 6.0, 11.0, 19.0, 3.0, 28.0, 2.0, 14.0, 24.0, 4.0, 1.0, 27.0, 25.0, 17.0]
29109.102300380342 -5217.0 [27.0, 3.0, 28.0, 17.0, 1.0, 13.0, 5.0, 22.0, 20.0, 12.0, 18.0, 7.0, 21.0, 23.0, 24.0, 26.0, 19.0, 9.0, 25.0, 8.0, 10.0, 15.0, 16.0, 14.0, 2.0, 29.0, 6.0, 4.0, 11.0]
26862.973271621664 -4827.0 [15.0, 17.0, 5.0, 22.0, 16.0, 8.0, 19.0, 20.0, 29.0, 14.0, 2.0, 11.0, 12.0, 25.0, 21.0, 13.0, 1.0, 6.0, 4.0, 24.0, 3.0, 26.0, 28.0, 18.0, 27.0, 7.0, 23.0, 9.0, 10.0]
20244.37317431489 -3621.0 [27.0, 10.0, 20.0, 26.0, 13.0, 11.0, 15.0, 29.0, 21.0, 24.0, 1.0, 6.0, 2.0, 3.0, 28.0, 19.0, 22.0, 23.0, 9.0, 12.0, 5.0, 8.0, 16.0, 17.0, 4.0, 7.0, 25.0, 14.0, 18.0]
23162.93297885115 -4161.0 [10.0, 23.0, 17.0, 21.0, 26.0, 19.0, 29.0, 20.0, 9.0, 28.0, 8.0, 12.0, 6.0, 4.0, 13.0, 24.0, 5.0, 11.0, 7.0, 27.0, 25.0, 1.0, 14.0, 18.0, 16.0, 22.0, 15.0, 2.0, 3.0]
29553.414374671807 -5296.0 [24.0, 22.0, 5.0, 10.0, 18.0, 2.0, 19.0, 8.0, 26.0, 27.0, 6.0, 14.0, 4.0, 7.0, 3.0, 15.0, 12.0, 20.0, 13.0, 21.0, 16.0, 28.0, 9.0, 1.0, 17.0, 23.0, 11.0, 29.0, 25.0]
29036.02446368623 -5210.0 [24.0, 7.0, 26.0, 14.0, 6.0, 17.0, 8.0, 2.0, 16.0, 12.0, 10.0, 4.0, 15.0, 27.0, 19.0, 3.0, 11.0, 13.0, 9.0, 28.0, 23.0, 21.0, 25.0, 5.0, 20.0, 29.0, 18.0, 22.0, 1.0]
25907.10254810275 -4662.0 [2.0, 8.0, 27.0, 26.0, 5.0, 4.0, 21.0, 20.0, 17.0, 18.0, 3.0, 14.0, 16.0, 23.0, 7.0, 9.0, 22.0, 1.0, 19.0, 29.0, 25.0, 12.0, 10.0, 6.0, 13.0, 28.0, 24.0, 11.0, 15.0]
23662.256838651083 -4238.0 [19.0, 6.0, 3.0, 17.0, 4.0, 14.0, 12.0, 29.0, 23.0, 13.0, 21.0, 7.0, 22.0, 18.0, 1.0, 9.0, 5.0, 28.0, 27.0, 2.0, 11.0, 15.0, 8.0, 26.0, 10.0, 20.0, 24.0, 25.0, 16.0]
25297.874038237733 -4543.0 [3.0, 14.0, 4.0, 20.0, 16.0, 24.0, 7.0, 13.0, 25.0, 12.0, 23.0, 6.0, 19.0, 21.0, 17.0, 8.0, 5.0, 26.0, 18.0, 22.0, 15.0, 9.0, 27.0, 2.0, 10.0, 11.0, 1.0, 29.0, 28.0]
27040.78374932243 -4851.0 [8.0, 9.0, 15.0, 23.0, 12.0, 19.0, 6.0, 1.0, 5.0, 21.0, 18.0, 20.0, 11.0, 29.0, 14.0, 3.0, 25.0, 13.0, 2.0, 26.0, 22.0, 4.0, 27.0, 10.0, 7.0, 17.0, 16.0, 28.0, 24.0]
27415.67135009726 -4931.0 [3.0, 18.0, 26.0, 1.0, 14.0, 21.0, 22.0, 13.0, 9.0, 4.0, 5.0, 16.0, 28.0, 15.0, 12.0, 25.0, 6.0, 10.0, 2.0, 19.0, 7.0, 17.0, 29.0, 20.0, 11.0, 24.0, 23.0, 27.0, 8.0]
24425.559652916003 -4381.0 [13.0, 4.0, 26.0, 10.0, 24.0, 3.0, 28.0, 7.0, 8.0, 20.0, 5.0, 25.0, 19.0, 2.0, 1.0, 9.0, 12.0, 22.0, 29.0, 6.0, 27.0, 14.0, 18.0, 23.0, 16.0, 21.0, 11.0, 15.0, 17.0]
28621.763090824476 -5137.0 [27.0, 11.0, 9.0, 4.0, 20.0, 3.0, 19.0, 12.0, 16.0, 22.0, 7.0, 26.0, 2.0, 23.0, 28.0, 6.0, 25.0, 5.0, 18.0, 24.0, 8.0, 13.0, 10.0, 15.0, 1.0, 14.0, 21.0, 17.0, 29.0]
26919.835683195954 -4837.0 [14.0, 8.0, 21.0, 12.0, 27.0, 6.0, 18.0, 26.0, 7.0, 24.0, 19.0, 4.0, 25.0, 29.0, 20.0, 3.0, 17.0, 28.0, 13.0, 11.0, 16.0, 23.0, 9.0, 1.0, 22.0, 2.0, 5.0, 15.0, 10.0]
24450.83762241438 -4389.0 [4.0, 20.0, 3.0, 8.0, 9.0, 1.0, 23.0, 28.0, 10.0, 25.0, 7.0, 15.0, 17.0, 29.0, 12.0, 11.0, 27.0, 16.0, 22.0, 5.0, 18.0, 19.0, 6.0, 26.0, 13.0, 14.0, 2.0, 21.0, 24.0]
29392.537789927865 -5267.0 [19.0, 28.0, 7.0, 12.0, 17.0, 6.0, 13.0, 1.0, 14.0, 25.0, 3.0, 2.0, 15.0, 21.0, 22.0, 27.0, 24.0, 23.0, 10.0, 9.0, 8.0, 29.0, 4.0, 20.0, 11.0, 16.0, 26.0, 18.0, 5.0]
28051.90480303111 -5027.0 [28.0, 11.0, 21.0, 9.0, 10.0, 25.0, 7.0, 26.0, 14.0, 24.0, 4.0, 8.0, 6.0, 29.0, 18.0, 2.0, 19.0, 20.0, 3.0, 13.0, 17.0, 5.0, 27.0, 12.0, 22.0, 16.0, 15.0, 23.0, 1.0]
22359.91770959239 -4009.0 [13.0, 7.0, 16.0, 1.0, 8.0, 27.0, 10.0, 9.0, 25.0, 15.0, 24.0, 18.0, 5.0, 17.0, 20.0, 22.0, 26.0, 21.0, 2.0, 6.0, 4.0, 11.0, 14.0, 19.0, 3.0, 29.0, 12.0, 28.0, 23.0]
24968.424417124366 -4484.0 [11.0, 27.0, 4.0, 16.0, 6.0, 13.0, 28.0, 10.0, 7.0, 18.0, 19.0, 23.0, 26.0, 21.0, 12.0, 8.0, 20.0, 14.0, 2.0, 15.0, 17.0, 29.0, 22.0, 5.0, 24.0, 25.0, 1.0, 9.0, 3.0]
26712.68999717428 -4794.0 [18.0, 23.0, 4.0, 8.0, 9.0, 17.0, 3.0, 7.0, 12.0, 19.0, 11.0, 15.0, 6.0, 2.0, 21.0, 26.0, 28.0, 22.0, 16.0, 1.0, 27.0, 20.0, 29.0, 24.0, 25.0, 13.0, 14.0, 10.0, 5.0]
25294.341815404903 -4539.0 [26.0, 27.0, 13.0, 12.0, 1.0, 29.0, 28.0, 22.0, 5.0, 25.0, 8.0, 4.0, 10.0, 14.0, 19.0, 7.0, 24.0, 16.0, 21.0, 9.0, 18.0, 6.0, 2.0, 11.0, 15.0, 20.0, 3.0, 17.0, 23.0]
22317.754270875474 -4003.0 [17.0, 12.0, 2.0, 27.0, 28.0, 21.0, 24.0, 16.0, 20.0, 13.0, 23.0, 22.0, 18.0, 10.0, 11.0, 8.0, 5.0, 9.0, 7.0, 25.0, 19.0, 6.0, 15.0, 14.0, 29.0, 26.0, 1.0, 4.0, 3.0]
23020.439380002194 -4132.0 [9.0, 27.0, 8.0, 15.0, 14.0, 7.0, 16.0, 19.0, 17.0, 20.0, 2.0, 13.0, 3.0, 5.0, 22.0, 23.0, 29.0, 1.0, 28.0, 4.0, 18.0, 11.0, 10.0, 6.0, 21.0, 25.0, 12.0, 26.0, 24.0]
29174.800394978167 -5238.0 [19.0, 24.0, 6.0, 20.0, 13.0, 12.0, 17.0, 29.0, 18.0, 5.0, 11.0, 7.0, 3.0, 27.0, 8.0, 22.0, 21.0, 26.0, 15.0, 9.0, 2.0, 1.0, 14.0, 28.0, 4.0, 23.0, 25.0, 10.0, 16.0]
24329.746567750677 -4364.0 [20.0, 16.0, 25.0, 28.0, 6.0, 21.0, 13.0, 29.0, 12.0, 18.0, 27.0, 19.0, 10.0, 17.0, 26.0, 9.0, 14.0, 22.0, 2.0, 3.0, 11.0, 5.0, 1.0, 4.0, 8.0, 15.0, 7.0, 24.0, 23.0]
24238.159509082103 -4349.0 [29.0, 26.0, 11.0, 10.0, 13.0, 12.0, 23.0, 6.0, 28.0, 21.0, 20.0, 15.0, 4.0, 8.0, 2.0, 18.0, 5.0, 9.0, 27.0, 17.0, 24.0, 19.0, 3.0, 14.0, 1.0, 22.0, 25.0, 7.0, 16.0]
28418.557493943437 -5100.0 [8.0, 6.0, 21.0, 4.0, 2.0, 1.0, 13.0, 14.0, 28.0, 11.0, 10.0, 9.0, 22.0, 25.0, 16.0, 19.0, 5.0, 18.0, 26.0, 24.0, 7.0, 3.0, 27.0, 29.0, 17.0, 20.0, 12.0, 15.0, 23.0]
25733.592942218103 -4618.0 [3.0, 21.0, 25.0, 24.0, 28.0, 2.0, 13.0, 29.0, 18.0, 1.0, 9.0, 16.0, 17.0, 6.0, 19.0, 11.0, 8.0, 27.0, 15.0, 20.0, 23.0, 12.0, 26.0, 4.0, 22.0, 10.0, 5.0, 7.0, 14.0]
24332.652547054775 -4365.0 [11.0, 5.0, 23.0, 21.0, 16.0, 18.0, 17.0, 29.0, 26.0, 20.0, 24.0, 12.0, 7.0, 1.0, 10.0, 4.0, 22.0, 8.0, 27.0, 13.0, 9.0, 25.0, 6.0, 2.0, 3.0, 28.0, 19.0, 15.0, 14.0]
22408.95739918659 -4024.0 [3.0, 18.0, 14.0, 24.0, 9.0, 1.0, 8.0, 12.0, 6.0, 25.0, 28.0, 5.0, 17.0, 15.0, 2.0, 10.0, 20.0, 26.0, 23.0, 16.0, 22.0, 19.0, 4.0, 11.0, 27.0, 29.0, 13.0, 21.0, 7.0]
27687.784861349286 -4969.0 [24.0, 14.0, 25.0, 12.0, 4.0, 21.0, 16.0, 5.0, 2.0, 7.0, 28.0, 26.0, 17.0, 20.0, 18.0, 6.0, 10.0, 15.0, 13.0, 11.0, 3.0, 19.0, 29.0, 1.0, 9.0, 22.0, 8.0, 27.0, 23.0]
28099.11325349304 -5028.0 [18.0, 3.0, 1.0, 12.0, 10.0, 4.0, 13.0, 8.0, 11.0, 6.0, 27.0, 16.0, 23.0, 28.0, 20.0, 24.0, 9.0, 14.0, 21.0, 19.0, 29.0, 25.0, 15.0, 2.0, 22.0, 5.0, 17.0, 7.0, 26.0]
23902.95953719844 -4298.0 [22.0, 23.0, 27.0, 24.0, 18.0, 3.0, 5.0, 1.0, 6.0, 29.0, 14.0, 15.0, 7.0, 10.0, 13.0, 20.0, 12.0, 4.0, 16.0, 25.0, 2.0, 19.0, 11.0, 9.0, 28.0, 17.0, 8.0, 26.0, 21.0]
28212.362192435157 -5065.0 [24.0, 12.0, 10.0, 13.0, 22.0, 4.0, 29.0, 19.0, 3.0, 14.0, 16.0, 1.0, 7.0, 9.0, 8.0, 2.0, 15.0, 5.0, 6.0, 20.0, 21.0, 17.0, 26.0, 25.0, 11.0, 28.0, 27.0, 18.0, 23.0]
25000.441289094626 -4488.0 [21.0, 22.0, 1.0, 25.0, 19.0, 2.0, 11.0, 16.0, 15.0, 9.0, 29.0, 24.0, 27.0, 7.0, 4.0, 10.0, 13.0, 17.0, 8.0, 18.0, 20.0, 28.0, 12.0, 23.0, 6.0, 3.0, 14.0, 5.0, 26.0]
29326.51226864786 -5262.0 [15.0, 1.0, 12.0, 11.0, 20.0, 3.0, 25.0, 28.0, 23.0, 22.0, 6.0, 19.0, 21.0, 17.0, 9.0, 16.0, 29.0, 13.0, 2.0, 7.0, 26.0, 24.0, 8.0, 27.0, 4.0, 5.0, 18.0, 14.0, 10.0]
27907.61565193794 -5019.0 [20.0, 16.0, 27.0, 5.0, 7.0, 29.0, 18.0, 15.0, 22.0, 21.0, 26.0, 11.0, 13.0, 24.0, 23.0, 1.0, 19.0, 9.0, 10.0, 2.0, 28.0, 25.0, 12.0, 14.0, 3.0, 6.0, 4.0, 8.0, 17.0]
21069.946972701153 -3783.0 [3.0, 20.0, 19.0, 25.0, 16.0, 14.0, 1.0, 27.0, 23.0, 10.0, 7.0, 12.0, 8.0, 2.0, 5.0, 9.0, 4.0, 15.0, 17.0, 6.0, 26.0, 29.0, 24.0, 22.0, 11.0, 18.0, 21.0, 28.0, 13.0]
29211.641225448344 -5239.0 [15.0, 24.0, 21.0, 23.0, 8.0, 17.0, 6.0, 14.0, 28.0, 16.0, 27.0, 18.0, 3.0, 20.0, 26.0, 25.0, 2.0, 11.0, 13.0, 9.0, 19.0, 12.0, 1.0, 10.0, 7.0, 29.0, 5.0, 22.0, 4.0]
25677.6801344788 -4604.0 [10.0, 7.0, 3.0, 4.0, 28.0, 13.0, 21.0, 27.0, 24.0, 5.0, 12.0, 11.0, 1.0, 23.0, 25.0, 16.0, 15.0, 29.0, 2.0, 8.0, 20.0, 9.0, 22.0, 14.0, 26.0, 18.0, 17.0, 19.0, 6.0]
21774.355981355653 -3897.0 [1.0, 16.0, 18.0, 11.0, 20.0, 15.0, 2.0, 26.0, 5.0, 3.0, 28.0, 23.0, 27.0, 29.0, 7.0, 24.0, 12.0, 19.0, 25.0, 4.0, 22.0, 21.0, 9.0, 13.0, 6.0, 8.0, 10.0, 14.0, 17.0]
22594.499881084786 -4062.0 [21.0, 24.0, 22.0, 17.0, 28.0, 8.0, 7.0, 23.0, 26.0, 13.0, 29.0, 11.0, 16.0, 19.0, 5.0, 25.0, 1.0, 4.0, 20.0, 15.0, 14.0, 18.0, 2.0, 3.0, 9.0, 10.0, 6.0, 12.0, 27.0]
27999.77857730899 -5020.0 [15.0, 6.0, 13.0, 20.0, 7.0, 25.0, 5.0, 18.0, 19.0, 29.0, 9.0, 17.0, 28.0, 3.0, 11.0, 21.0, 16.0, 22.0, 24.0, 12.0, 27.0, 4.0, 26.0, 8.0, 14.0, 10.0, 2.0, 1.0, 23.0]
25479.612079007093 -4571.0 [29.0, 5.0, 22.0, 28.0, 9.0, 17.0, 21.0, 13.0, 20.0, 1.0, 15.0, 10.0, 26.0, 18.0, 14.0, 19.0, 6.0, 25.0, 3.0, 12.0, 16.0, 2.0, 11.0, 24.0, 27.0, 23.0, 8.0, 4.0, 7.0]
23729.832140014893 -4256.0 [10.0, 23.0, 7.0, 24.0, 29.0, 3.0, 28.0, 21.0, 16.0, 18.0, 14.0, 12.0, 8.0, 25.0, 20.0, 27.0, 9.0, 13.0, 11.0, 19.0, 17.0, 6.0, 1.0, 5.0, 2.0, 22.0, 26.0, 4.0, 15.0]
25360.9620781722 -4551.0 [17.0, 15.0, 5.0, 9.0, 13.0, 11.0, 22.0, 2.0, 1.0, 23.0, 28.0, 14.0, 6.0, 27.0, 26.0, 25.0, 12.0, 8.0, 4.0, 18.0, 29.0, 21.0, 19.0, 3.0, 10.0, 16.0, 24.0, 20.0, 7.0]
27171.63121175451 -4870.0 [13.0, 24.0, 22.0, 2.0, 28.0, 1.0, 12.0, 19.0, 26.0, 25.0, 9.0, 5.0, 29.0, 7.0, 20.0, 17.0, 21.0, 8.0, 14.0, 15.0, 16.0, 23.0, 11.0, 6.0, 4.0, 18.0, 3.0, 27.0, 10.0]
28142.396982242393 -5055.0 [23.0, 26.0, 13.0, 14.0, 1.0, 22.0, 9.0, 12.0, 10.0, 6.0, 11.0, 2.0, 7.0, 29.0, 17.0, 20.0, 4.0, 25.0, 16.0, 27.0, 5.0, 8.0, 15.0, 3.0, 19.0, 18.0, 21.0, 24.0, 28.0]
25398.39483601157 -4561.0 [9.0, 22.0, 24.0, 23.0, 8.0, 14.0, 29.0, 13.0, 5.0, 20.0, 17.0, 7.0, 4.0, 1.0, 19.0, 28.0, 12.0, 25.0, 2.0, 10.0, 16.0, 26.0, 21.0, 6.0, 3.0, 11.0, 18.0, 15.0, 27.0]
23490.986425847288 -4205.0 [10.0, 2.0, 11.0, 15.0, 7.0, 27.0, 14.0, 19.0, 28.0, 29.0, 12.0, 21.0, 16.0, 20.0, 18.0, 22.0, 13.0, 5.0, 1.0, 25.0, 8.0, 17.0, 23.0, 9.0, 3.0, 26.0, 4.0, 24.0, 6.0]
28290.3080299191 -5072.0 [23.0, 29.0, 25.0, 13.0, 10.0, 14.0, 26.0, 17.0, 7.0, 27.0, 5.0, 18.0, 21.0, 20.0, 2.0, 16.0, 8.0, 4.0, 28.0, 9.0, 15.0, 24.0, 12.0, 11.0, 3.0, 1.0, 19.0, 22.0, 6.0]
22584.816325518157 -4044.0 [7.0, 20.0, 28.0, 13.0, 24.0, 1.0, 5.0, 16.0, 2.0, 4.0, 22.0, 17.0, 18.0, 6.0, 14.0, 19.0, 29.0, 11.0, 15.0, 26.0, 3.0, 25.0, 27.0, 9.0, 12.0, 21.0, 8.0, 23.0, 10.0]
24535.97331064497 -4399.0 [29.0, 26.0, 19.0, 12.0, 7.0, 28.0, 6.0, 22.0, 27.0, 8.0, 18.0, 4.0, 3.0, 16.0, 24.0, 13.0, 5.0, 9.0, 1.0, 11.0, 25.0, 21.0, 23.0, 17.0, 2.0, 20.0, 14.0, 15.0, 10.0]
26378.040646423487 -4740.0 [21.0, 17.0, 3.0, 8.0, 28.0, 1.0, 10.0, 14.0, 26.0, 18.0, 13.0, 11.0, 19.0, 24.0, 29.0, 15.0, 12.0, 23.0, 16.0, 27.0, 7.0, 2.0, 25.0, 6.0, 22.0, 20.0, 9.0, 5.0, 4.0]
23822.88960094169 -4275.0 [15.0, 20.0, 22.0, 28.0, 13.0, 29.0, 9.0, 8.0, 10.0, 1.0, 5.0, 7.0, 16.0, 4.0, 18.0, 17.0, 27.0, 25.0, 23.0, 19.0, 2.0, 21.0, 14.0, 26.0, 6.0, 12.0, 11.0, 24.0, 3.0]
23492.946696144736 -4213.0 [13.0, 1.0, 9.0, 22.0, 7.0, 23.0, 10.0, 29.0, 15.0, 26.0, 3.0, 25.0, 27.0, 24.0, 16.0, 28.0, 8.0, 14.0, 5.0, 21.0, 17.0, 20.0, 18.0, 19.0, 2.0, 4.0, 11.0, 6.0, 12.0]
25798.177120773365 -4635.0 [13.0, 19.0, 25.0, 24.0, 8.0, 2.0, 4.0, 27.0, 16.0, 6.0, 26.0, 17.0, 29.0, 18.0, 1.0, 15.0, 11.0, 10.0, 5.0, 23.0, 9.0, 22.0, 20.0, 12.0, 28.0, 3.0, 14.0, 21.0, 7.0]
24203.958550188934 -4346.0 [3.0, 28.0, 12.0, 22.0, 15.0, 11.0, 13.0, 10.0, 27.0, 21.0, 23.0, 7.0, 24.0, 14.0, 5.0, 8.0, 4.0, 25.0, 20.0, 2.0, 18.0, 19.0, 9.0, 29.0, 1.0, 17.0, 26.0, 6.0, 16.0]
18870.265214467967 -3360.0 [9.0, 12.0, 28.0, 21.0, 15.0, 26.0, 1.0, 20.0, 13.0, 27.0, 24.0, 10.0, 7.0, 4.0, 14.0, 17.0, 11.0, 19.0, 25.0, 22.0, 2.0, 23.0, 8.0, 16.0, 6.0, 29.0, 3.0, 5.0, 18.0]
29502.50940119414 -5283.0 [9.0, 22.0, 12.0, 4.0, 17.0, 19.0, 21.0, 26.0, 6.0, 15.0, 5.0, 27.0, 29.0, 16.0, 2.0, 10.0, 24.0, 14.0, 20.0, 1.0, 11.0, 3.0, 7.0, 8.0, 25.0, 23.0, 18.0, 28.0, 13.0]
29599.213231270787 -5312.0 [23.0, 24.0, 29.0, 6.0, 15.0, 10.0, 19.0, 8.0, 21.0, 20.0, 25.0, 1.0, 18.0, 22.0, 13.0, 17.0, 28.0, 11.0, 9.0, 7.0, 12.0, 4.0, 3.0, 14.0, 5.0, 27.0, 26.0, 16.0, 2.0]
23652.199901787106 -4236.0 [10.0, 21.0, 22.0, 15.0, 20.0, 25.0, 17.0, 4.0, 11.0, 26.0, 18.0, 2.0, 28.0, 8.0, 16.0, 6.0, 27.0, 19.0, 14.0, 9.0, 5.0, 29.0, 13.0, 24.0, 7.0, 3.0, 1.0, 12.0, 23.0]
21205.120946308536 -3797.0 [5.0, 27.0, 23.0, 16.0, 20.0, 10.0, 4.0, 25.0, 19.0, 24.0, 9.0, 14.0, 8.0, 1.0, 12.0, 15.0, 28.0, 2.0, 7.0, 22.0, 11.0, 18.0, 3.0, 29.0, 26.0, 17.0, 13.0, 21.0, 6.0]
20662.161708692445 -3697.0 [24.0, 16.0, 3.0, 19.0, 8.0, 29.0, 2.0, 14.0, 26.0, 6.0, 28.0, 12.0, 21.0, 23.0, 10.0, 18.0, 22.0, 20.0, 17.0, 15.0, 11.0, 25.0, 7.0, 13.0, 27.0, 4.0, 1.0, 9.0, 5.0]
25871.30886387363 -4655.0 [16.0, 26.0, 13.0, 1.0, 18.0, 3.0, 21.0, 9.0, 10.0, 5.0, 7.0, 12.0, 8.0, 27.0, 19.0, 25.0, 28.0, 22.0, 29.0, 17.0, 20.0, 24.0, 4.0, 14.0, 23.0, 6.0, 2.0, 15.0, 11.0]
28758.458400276257 -5152.0 [28.0, 15.0, 29.0, 10.0, 20.0, 1.0, 7.0, 12.0, 14.0, 23.0, 17.0, 18.0, 9.0, 22.0, 24.0, 3.0, 11.0, 2.0, 4.0, 26.0, 19.0, 27.0, 25.0, 8.0, 16.0, 5.0, 21.0, 13.0, 6.0]
26613.51252309096 -4782.0 [24.0, 28.0, 11.0, 9.0, 25.0, 1.0, 23.0, 27.0, 21.0, 20.0, 8.0, 3.0, 13.0, 26.0, 18.0, 5.0, 2.0, 12.0, 4.0, 10.0, 6.0, 16.0, 22.0, 17.0, 15.0, 7.0, 29.0, 14.0, 19.0]
23964.59335642595 -4300.0 [11.0, 13.0, 5.0, 19.0, 27.0, 23.0, 17.0, 9.0, 28.0, 8.0, 24.0, 10.0, 2.0, 3.0, 21.0, 4.0, 25.0, 26.0, 6.0, 1.0, 7.0, 12.0, 15.0, 18.0, 29.0, 20.0, 22.0, 16.0, 14.0]
29408.145796278266 -5273.0 [7.0, 29.0, 20.0, 18.0, 6.0, 15.0, 8.0, 13.0, 9.0, 23.0, 3.0, 4.0, 28.0, 11.0, 21.0, 17.0, 2.0, 14.0, 19.0, 26.0, 22.0, 24.0, 27.0, 16.0, 10.0, 5.0, 1.0, 25.0, 12.0]
26249.800508612796 -4714.0 [4.0, 2.0, 5.0, 21.0, 3.0, 8.0, 14.0, 15.0, 13.0, 18.0, 1.0, 26.0, 20.0, 22.0, 10.0, 17.0, 28.0, 9.0, 11.0, 16.0, 12.0, 19.0, 27.0, 24.0, 25.0, 23.0, 29.0, 7.0, 6.0]
28392.585364577666 -5080.0 [5.0, 10.0, 19.0, 21.0, 17.0, 23.0, 20.0, 24.0, 9.0, 7.0, 29.0, 6.0, 11.0, 27.0, 28.0, 15.0, 14.0, 16.0, 12.0, 22.0, 13.0, 8.0, 3.0, 26.0, 18.0, 4.0, 1.0, 2.0, 25.0]
25846.61381094219 -4638.0 [11.0, 8.0, 10.0, 15.0, 27.0, 7.0, 26.0, 13.0, 5.0, 16.0, 19.0, 20.0, 14.0, 12.0, 25.0, 1.0, 24.0, 4.0, 9.0, 6.0, 29.0, 2.0, 21.0, 28.0, 17.0, 3.0, 23.0, 22.0, 18.0]
29454.005218410475 -5277.0 [5.0, 10.0, 12.0, 7.0, 17.0, 13.0, 23.0, 22.0, 4.0, 6.0, 18.0, 29.0, 16.0, 20.0, 2.0, 15.0, 9.0, 14.0, 28.0, 25.0, 24.0, 11.0, 26.0, 27.0, 8.0, 19.0, 21.0, 3.0, 1.0]
28493.770189006067 -5102.0 [5.0, 16.0, 24.0, 25.0, 9.0, 10.0, 13.0, 8.0, 17.0, 26.0, 3.0, 12.0, 15.0, 20.0, 1.0, 23.0, 11.0, 2.0, 14.0, 28.0, 22.0, 29.0, 7.0, 18.0, 19.0, 6.0, 27.0, 4.0, 21.0]
28353.694894875407 -5076.0 [13.0, 12.0, 21.0, 27.0, 14.0, 26.0, 22.0, 24.0, 2.0, 16.0, 6.0, 8.0, 4.0, 3.0, 17.0, 19.0, 25.0, 20.0, 9.0, 7.0, 1.0, 5.0, 18.0, 23.0, 15.0, 10.0, 11.0, 29.0, 28.0]
25477.783208738685 -4570.0 [15.0, 26.0, 28.0, 7.0, 11.0, 27.0, 21.0, 5.0, 9.0, 13.0, 24.0, 10.0, 19.0, 12.0, 29.0, 18.0, 2.0, 22.0, 6.0, 1.0, 17.0, 23.0, 4.0, 3.0, 20.0, 14.0, 16.0, 25.0, 8.0]
24584.9606180246 -4415.0 [19.0, 22.0, 1.0, 26.0, 16.0, 8.0, 24.0, 27.0, 11.0, 6.0, 28.0, 17.0, 20.0, 9.0, 25.0, 21.0, 7.0, 23.0, 29.0, 3.0, 14.0, 18.0, 13.0, 12.0, 2.0, 10.0, 5.0, 15.0, 4.0]
29697.5476092948 -5324.0 [15.0, 18.0, 12.0, 22.0, 28.0, 16.0, 2.0, 9.0, 26.0, 17.0, 1.0, 21.0, 13.0, 11.0, 5.0, 19.0, 6.0, 8.0, 10.0, 7.0, 4.0, 24.0, 14.0, 20.0, 27.0, 3.0, 25.0, 29.0, 23.0]
27111.3785235127 -4867.0 [6.0, 16.0, 14.0, 25.0, 12.0, 27.0, 24.0, 23.0, 28.0, 3.0, 17.0, 21.0, 1.0, 11.0, 7.0, 18.0, 26.0, 22.0, 9.0, 19.0, 29.0, 20.0, 5.0, 13.0, 2.0, 15.0, 10.0, 8.0, 4.0]
20836.06265444667 -3729.0 [28.0, 25.0, 18.0, 15.0, 22.0, 23.0, 16.0, 8.0, 13.0, 29.0, 12.0, 24.0, 19.0, 14.0, 6.0, 5.0, 20.0, 1.0, 21.0, 27.0, 11.0, 7.0, 17.0, 2.0, 9.0, 26.0, 3.0, 10.0, 4.0]
22158.63011148566 -3979.0 [8.0, 6.0, 29.0, 9.0, 3.0, 22.0, 15.0, 17.0, 26.0, 21.0, 20.0, 28.0, 27.0, 24.0, 25.0, 18.0, 14.0, 5.0, 7.0, 11.0, 1.0, 10.0, 4.0, 12.0, 13.0, 23.0, 19.0, 16.0, 2.0]
21715.84034708506 -3890.0 [13.0, 19.0, 4.0, 25.0, 23.0, 11.0, 24.0, 14.0, 18.0, 1.0, 15.0, 3.0, 8.0, 9.0, 26.0, 29.0, 12.0, 16.0, 5.0, 21.0, 28.0, 10.0, 20.0, 17.0, 22.0, 6.0, 2.0, 27.0, 7.0]
24323.401008436394 -4363.0 [4.0, 16.0, 7.0, 27.0, 1.0, 13.0, 8.0, 2.0, 19.0, 5.0, 9.0, 22.0, 24.0, 23.0, 26.0, 10.0, 21.0, 3.0, 28.0, 14.0, 20.0, 18.0, 25.0, 12.0, 6.0, 17.0, 11.0, 15.0, 29.0]
27235.93676305856 -4885.0 [1.0, 6.0, 12.0, 19.0, 21.0, 5.0, 13.0, 18.0, 24.0, 3.0, 22.0, 29.0, 7.0, 2.0, 25.0, 16.0, 20.0, 17.0, 28.0, 8.0, 26.0, 27.0, 11.0, 4.0, 23.0, 10.0, 9.0, 15.0, 14.0]
27067.033246548115 -4858.0 [10.0, 3.0, 11.0, 1.0, 12.0, 18.0, 23.0, 25.0, 16.0, 2.0, 13.0, 4.0, 24.0, 27.0, 15.0, 19.0, 26.0, 8.0, 14.0, 28.0, 5.0, 17.0, 20.0, 29.0, 6.0, 21.0, 22.0, 9.0, 7.0]
26579.68765538413 -4771.0 [4.0, 23.0, 20.0, 9.0, 13.0, 10.0, 22.0, 24.0, 8.0, 6.0, 11.0, 21.0, 5.0, 2.0, 12.0, 1.0, 25.0, 28.0, 7.0, 15.0, 27.0, 3.0, 18.0, 26.0, 14.0, 19.0, 16.0, 29.0, 17.0]
27061.23703643757 -4856.0 [5.0, 20.0, 23.0, 8.0, 24.0, 7.0, 26.0, 18.0, 17.0, 28.0, 3.0, 22.0, 21.0, 29.0, 25.0, 19.0, 9.0, 16.0, 14.0, 27.0, 11.0, 15.0, 1.0, 10.0, 13.0, 6.0, 4.0, 12.0, 2.0]
28558.46257293924 -5119.0 [5.0, 24.0, 13.0, 10.0, 28.0, 22.0, 20.0, 21.0, 15.0, 17.0, 16.0, 2.0, 3.0, 19.0, 27.0, 29.0, 12.0, 25.0, 18.0, 23.0, 4.0, 26.0, 14.0, 1.0, 7.0, 8.0, 9.0, 11.0, 6.0]
27515.140024590506 -4940.0 [1.0, 4.0, 9.0, 15.0, 22.0, 2.0, 16.0, 8.0, 27.0, 17.0, 29.0, 28.0, 25.0, 26.0, 7.0, 20.0, 12.0, 14.0, 18.0, 13.0, 5.0, 10.0, 11.0, 19.0, 21.0, 23.0, 6.0, 24.0, 3.0]
22995.391190539718 -4122.0 [9.0, 19.0, 11.0, 10.0, 3.0, 20.0, 4.0, 23.0, 25.0, 21.0, 24.0, 16.0, 29.0, 13.0, 27.0, 8.0, 1.0, 22.0, 2.0, 7.0, 14.0, 18.0, 26.0, 5.0, 6.0, 15.0, 17.0, 12.0, 28.0]
27693.56065737798 -4973.0 [20.0, 6.0, 23.0, 18.0, 29.0, 2.0, 16.0, 11.0, 26.0, 1.0, 27.0, 7.0, 10.0, 25.0, 13.0, 9.0, 22.0, 28.0, 15.0, 14.0, 21.0, 4.0, 19.0, 5.0, 24.0, 3.0, 17.0, 8.0, 12.0]
24516.052342896382 -4397.0 [3.0, 18.0, 12.0, 25.0, 5.0, 14.0, 8.0, 13.0, 6.0, 23.0, 29.0, 16.0, 19.0, 24.0, 7.0, 2.0, 1.0, 28.0, 21.0, 9.0, 26.0, 4.0, 15.0, 17.0, 11.0, 27.0, 20.0, 10.0, 22.0]
26222.11920540655 -4707.0 [12.0, 6.0, 2.0, 14.0, 15.0, 5.0, 11.0, 29.0, 26.0, 22.0, 20.0, 7.0, 18.0, 27.0, 21.0, 25.0, 16.0, 9.0, 4.0, 23.0, 19.0, 3.0, 13.0, 8.0, 28.0, 17.0, 10.0, 1.0, 24.0]
26325.574598522242 -4732.0 [21.0, 17.0, 23.0, 14.0, 6.0, 22.0, 20.0, 2.0, 12.0, 25.0, 7.0, 9.0, 29.0, 13.0, 15.0, 18.0, 28.0, 26.0, 24.0, 8.0, 27.0, 11.0, 16.0, 10.0, 5.0, 1.0, 19.0, 3.0, 4.0]
21341.92834483413 -3825.0 [11.0, 3.0, 29.0, 20.0, 2.0, 12.0, 14.0, 17.0, 24.0, 28.0, 6.0, 5.0, 9.0, 22.0, 10.0, 18.0, 4.0, 21.0, 15.0, 13.0, 25.0, 8.0, 1.0, 7.0, 23.0, 19.0, 26.0, 16.0, 27.0]
23042.880247655936 -4150.0 [18.0, 29.0, 20.0, 8.0, 25.0, 23.0, 1.0, 24.0, 3.0, 10.0, 5.0, 4.0, 2.0, 16.0, 7.0, 11.0, 14.0, 26.0, 13.0, 19.0, 9.0, 6.0, 17.0, 15.0, 22.0, 21.0, 28.0, 27.0, 12.0]
25503.697982596528 -4575.0 [16.0, 22.0, 2.0, 20.0, 1.0, 14.0, 5.0, 12.0, 3.0, 15.0, 8.0, 24.0, 21.0, 13.0, 25.0, 6.0, 26.0, 18.0, 11.0, 29.0, 10.0, 27.0, 19.0, 7.0, 23.0, 9.0, 4.0, 28.0, 17.0]
24557.02095496743 -4413.0 [29.0, 17.0, 22.0, 6.0, 15.0, 18.0, 19.0, 14.0, 26.0, 10.0, 27.0, 25.0, 3.0, 1.0, 4.0, 16.0, 7.0, 5.0, 9.0, 11.0, 23.0, 28.0, 20.0, 13.0, 21.0, 12.0, 24.0, 8.0, 2.0]
23707.35670649807 -4255.0 [28.0, 26.0, 16.0, 23.0, 27.0, 5.0, 29.0, 17.0, 14.0, 18.0, 12.0, 8.0, 20.0, 2.0, 25.0, 13.0, 11.0, 10.0, 6.0, 21.0, 7.0, 19.0, 3.0, 22.0, 1.0, 9.0, 15.0, 4.0, 24.0]
25083.639880818962 -4508.0 [6.0, 28.0, 25.0, 4.0, 29.0, 3.0, 7.0, 21.0, 24.0, 16.0, 10.0, 12.0, 27.0, 2.0, 20.0, 26.0, 19.0, 9.0, 1.0, 17.0, 8.0, 11.0, 23.0, 18.0, 14.0, 15.0, 22.0, 13.0, 5.0]
26552.12210467561 -4766.0 [17.0, 28.0, 24.0, 12.0, 6.0, 10.0, 7.0, 9.0, 14.0, 20.0, 15.0, 3.0, 19.0, 18.0, 23.0, 27.0, 21.0, 4.0, 13.0, 26.0, 11.0, 22.0, 29.0, 25.0, 5.0, 1.0, 8.0, 2.0, 16.0]
20702.41757525249 -3713.0 [23.0, 16.0, 6.0, 12.0, 14.0, 7.0, 22.0, 17.0, 15.0, 18.0, 26.0, 29.0, 21.0, 10.0, 3.0, 2.0, 8.0, 5.0, 25.0, 24.0, 13.0, 11.0, 4.0, 28.0, 27.0, 1.0, 9.0, 20.0, 19.0]
23429.74293886163 -4203.0 [25.0, 8.0, 10.0, 26.0, 12.0, 28.0, 20.0, 27.0, 22.0, 13.0, 19.0, 5.0, 6.0, 16.0, 23.0, 11.0, 17.0, 15.0, 18.0, 3.0, 1.0, 7.0, 29.0, 21.0, 2.0, 14.0, 4.0, 9.0, 24.0]
22287.28221439956 -3995.0 [13.0, 19.0, 4.0, 25.0, 23.0, 11.0, 24.0, 14.0, 18.0, 1.0, 15.0, 3.0, 8.0, 9.0, 26.0, 29.0, 12.0, 16.0, 5.0, 21.0, 28.0, 10.0, 20.0, 17.0, 22.0, 6.0, 2.0, 7.0, 27.0]
27380.138297387155 -4929.0 [23.0, 2.0, 25.0, 5.0, 22.0, 3.0, 4.0, 29.0, 20.0, 15.0, 17.0, 6.0, 24.0, 14.0, 1.0, 28.0, 19.0, 13.0, 18.0, 7.0, 21.0, 9.0, 8.0, 27.0, 11.0, 12.0, 16.0, 10.0, 26.0]
22537.07578544352 -4036.0 [7.0, 19.0, 12.0, 6.0, 16.0, 3.0, 11.0, 2.0, 18.0, 24.0, 8.0, 21.0, 9.0, 22.0, 17.0, 14.0, 29.0, 26.0, 10.0, 4.0, 23.0, 1.0, 13.0, 15.0, 27.0, 25.0, 28.0, 5.0, 20.0]
21441.724192669993 -3844.0 [27.0, 29.0, 26.0, 15.0, 14.0, 18.0, 22.0, 13.0, 28.0, 17.0, 19.0, 20.0, 11.0, 16.0, 5.0, 9.0, 7.0, 8.0, 4.0, 24.0, 10.0, 2.0, 3.0, 1.0, 6.0, 12.0, 21.0, 25.0, 23.0]
26688.573725581602 -4792.0 [22.0, 9.0, 17.0, 3.0, 15.0, 16.0, 21.0, 1.0, 14.0, 28.0, 25.0, 4.0, 11.0, 18.0, 6.0, 27.0, 23.0, 8.0, 5.0, 19.0, 20.0, 26.0, 24.0, 29.0, 2.0, 13.0, 12.0, 7.0, 10.0]
23679.960758261237 -4245.0 [9.0, 8.0, 19.0, 28.0, 13.0, 4.0, 17.0, 18.0, 14.0, 11.0, 26.0, 22.0, 5.0, 24.0, 29.0, 15.0, 12.0, 23.0, 16.0, 27.0, 7.0, 2.0, 25.0, 6.0, 1.0, 20.0, 10.0, 21.0, 3.0]
18629.956825482077 -3319.0 [12.0, 29.0, 1.0, 28.0, 16.0, 9.0, 15.0, 18.0, 20.0, 13.0, 27.0, 24.0, 10.0, 7.0, 4.0, 14.0, 17.0, 11.0, 19.0, 25.0, 22.0, 2.0, 23.0, 8.0, 26.0, 3.0, 5.0, 21.0, 6.0]
27314.539122005892 -4898.0 [8.0, 25.0, 26.0, 19.0, 10.0, 21.0, 29.0, 20.0, 11.0, 5.0, 12.0, 7.0, 23.0, 16.0, 2.0, 9.0, 22.0, 28.0, 27.0, 15.0, 24.0, 18.0, 4.0, 13.0, 3.0, 1.0, 17.0, 6.0, 14.0]
26962.201441324843 -4847.0 [23.0, 14.0, 6.0, 13.0, 12.0, 25.0, 20.0, 11.0, 26.0, 27.0, 16.0, 5.0, 3.0, 22.0, 9.0, 8.0, 7.0, 15.0, 18.0, 29.0, 17.0, 1.0, 21.0, 19.0, 24.0, 28.0, 2.0, 4.0, 10.0]
22429.12288806875 -4030.0 [8.0, 6.0, 29.0, 9.0, 3.0, 22.0, 15.0, 17.0, 26.0, 21.0, 20.0, 28.0, 27.0, 24.0, 25.0, 18.0, 14.0, 5.0, 7.0, 1.0, 10.0, 4.0, 12.0, 13.0, 23.0, 19.0, 16.0, 11.0, 2.0]
26599.67505193914 -4781.0 [20.0, 13.0, 22.0, 1.0, 24.0, 23.0, 12.0, 5.0, 26.0, 2.0, 15.0, 10.0, 25.0, 9.0, 19.0, 11.0, 16.0, 8.0, 21.0, 28.0, 18.0, 7.0, 3.0, 14.0, 6.0, 17.0, 29.0, 27.0, 4.0]
29527.184822015315 -5291.0 [10.0, 7.0, 2.0, 16.0, 3.0, 27.0, 12.0, 22.0, 6.0, 29.0, 17.0, 8.0, 18.0, 26.0, 28.0, 15.0, 19.0, 14.0, 5.0, 23.0, 25.0, 24.0, 9.0, 4.0, 11.0, 21.0, 13.0, 20.0, 1.0]
22382.599989698716 -4019.0 [6.0, 29.0, 9.0, 3.0, 22.0, 15.0, 17.0, 26.0, 21.0, 20.0, 28.0, 27.0, 24.0, 25.0, 18.0, 14.0, 5.0, 7.0, 11.0, 1.0, 10.0, 4.0, 12.0, 13.0, 23.0, 19.0, 16.0, 2.0, 8.0]
21653.83988068552 -3881.0 [25.0, 19.0, 4.0, 20.0, 18.0, 9.0, 5.0, 10.0, 13.0, 12.0, 29.0, 1.0, 6.0, 21.0, 26.0, 8.0, 7.0, 22.0, 3.0, 15.0, 28.0, 16.0, 27.0, 24.0, 17.0, 14.0, 2.0, 11.0, 23.0]
22083.150171560377 -3964.0 [5.0, 23.0, 12.0, 6.0, 24.0, 4.0, 25.0, 17.0, 11.0, 27.0, 9.0, 29.0, 18.0, 16.0, 20.0, 2.0, 28.0, 21.0, 1.0, 26.0, 8.0, 7.0, 19.0, 3.0, 14.0, 15.0, 22.0, 13.0, 10.0]
27638.626249630797 -4961.0 [5.0, 12.0, 1.0, 14.0, 15.0, 22.0, 24.0, 19.0, 27.0, 10.0, 3.0, 7.0, 6.0, 17.0, 2.0, 26.0, 16.0, 28.0, 11.0, 29.0, 13.0, 9.0, 18.0, 8.0, 23.0, 20.0, 4.0, 21.0, 25.0]
23802.69423709835 -4264.0 [23.0, 25.0, 9.0, 8.0, 16.0, 27.0, 5.0, 18.0, 2.0, 3.0, 7.0, 15.0, 6.0, 21.0, 20.0, 13.0, 12.0, 4.0, 10.0, 19.0, 22.0, 28.0, 17.0, 11.0, 14.0, 26.0, 29.0, 1.0, 24.0]
23695.280950056323 -4248.0 [14.0, 18.0, 6.0, 11.0, 25.0, 16.0, 1.0, 22.0, 24.0, 23.0, 29.0, 9.0, 10.0, 12.0, 4.0, 26.0, 8.0, 20.0, 5.0, 2.0, 15.0, 17.0, 19.0, 7.0, 27.0, 28.0, 13.0, 21.0, 3.0]
26354.84006552979 -4734.0 [23.0, 24.0, 26.0, 15.0, 22.0, 10.0, 8.0, 25.0, 20.0, 3.0, 1.0, 6.0, 21.0, 11.0, 4.0, 14.0, 2.0, 28.0, 9.0, 16.0, 17.0, 12.0, 19.0, 13.0, 5.0, 18.0, 7.0, 29.0, 27.0]
22845.03611421471 -4096.0 [5.0, 1.0, 23.0, 6.0, 14.0, 22.0, 2.0, 27.0, 10.0, 24.0, 16.0, 15.0, 11.0, 17.0, 3.0, 26.0, 25.0, 8.0, 18.0, 13.0, 9.0, 21.0, 28.0, 12.0, 4.0, 20.0, 19.0, 7.0, 29.0]
22975.262147343186 -4116.0 [5.0, 27.0, 23.0, 16.0, 20.0, 10.0, 25.0, 19.0, 24.0, 9.0, 14.0, 8.0, 1.0, 12.0, 15.0, 28.0, 2.0, 7.0, 22.0, 11.0, 18.0, 3.0, 29.0, 4.0, 26.0, 17.0, 13.0, 21.0, 6.0]
21002.289911905755 -3756.0 [17.0, 27.0, 7.0, 11.0, 22.0, 1.0, 4.0, 20.0, 18.0, 16.0, 9.0, 13.0, 28.0, 6.0, 12.0, 15.0, 25.0, 8.0, 3.0, 29.0, 2.0, 10.0, 24.0, 23.0, 21.0, 5.0, 26.0, 19.0, 14.0]
24592.262836706377 -4417.0 [20.0, 29.0, 17.0, 25.0, 18.0, 26.0, 5.0, 4.0, 8.0, 12.0, 21.0, 16.0, 24.0, 2.0, 13.0, 15.0, 14.0, 3.0, 7.0, 9.0, 19.0, 11.0, 23.0, 27.0, 22.0, 6.0, 28.0, 1.0, 10.0]
23236.70961421605 -4179.0 [11.0, 16.0, 9.0, 24.0, 10.0, 13.0, 17.0, 18.0, 20.0, 28.0, 12.0, 23.0, 19.0, 15.0, 6.0, 2.0, 4.0, 3.0, 1.0, 7.0, 27.0, 25.0, 8.0, 21.0, 5.0, 29.0, 14.0, 26.0, 22.0]
24156.368718000616 -4336.0 [29.0, 11.0, 10.0, 19.0, 7.0, 14.0, 26.0, 27.0, 25.0, 13.0, 20.0, 3.0, 9.0, 18.0, 12.0, 2.0, 28.0, 4.0, 22.0, 15.0, 23.0, 21.0, 5.0, 16.0, 1.0, 6.0, 24.0, 8.0, 17.0]
26058.209633886992 -4681.0 [15.0, 22.0, 24.0, 19.0, 3.0, 6.0, 17.0, 2.0, 26.0, 28.0, 11.0, 25.0, 1.0, 14.0, 29.0, 13.0, 8.0, 23.0, 12.0, 20.0, 18.0, 16.0, 7.0, 9.0, 10.0, 21.0, 5.0, 27.0, 4.0]
21260.315186815344 -3815.0 [16.0, 15.0, 14.0, 4.0, 19.0, 2.0, 21.0, 25.0, 23.0, 8.0, 26.0, 27.0, 6.0, 28.0, 24.0, 18.0, 7.0, 10.0, 17.0, 22.0, 5.0, 20.0, 3.0, 13.0, 29.0, 9.0, 12.0, 1.0, 11.0]
24201.953260117363 -4339.0 [5.0, 2.0, 27.0, 23.0, 4.0, 17.0, 21.0, 24.0, 8.0, 10.0, 11.0, 3.0, 19.0, 25.0, 26.0, 6.0, 1.0, 28.0, 9.0, 14.0, 7.0, 12.0, 15.0, 18.0, 29.0, 20.0, 22.0, 16.0, 13.0]
22866.128167406598 -4097.0 [21.0, 9.0, 22.0, 17.0, 14.0, 29.0, 26.0, 10.0, 4.0, 23.0, 1.0, 13.0, 15.0, 27.0, 7.0, 19.0, 12.0, 6.0, 16.0, 3.0, 11.0, 2.0, 18.0, 24.0, 8.0, 25.0, 28.0, 5.0, 20.0]
27000.4931527276 -4849.0 [19.0, 21.0, 6.0, 8.0, 25.0, 12.0, 20.0, 14.0, 26.0, 1.0, 15.0, 22.0, 29.0, 23.0, 10.0, 13.0, 18.0, 27.0, 28.0, 17.0, 9.0, 5.0, 16.0, 2.0, 3.0, 7.0, 24.0, 4.0, 11.0]
21950.49330345151 -3929.0 [19.0, 20.0, 27.0, 16.0, 17.0, 4.0, 12.0, 29.0, 5.0, 1.0, 8.0, 13.0, 10.0, 24.0, 25.0, 2.0, 9.0, 28.0, 21.0, 23.0, 15.0, 14.0, 11.0, 3.0, 18.0, 22.0, 7.0, 26.0, 6.0]
23033.170253730204 -4139.0 [7.0, 11.0, 29.0, 19.0, 9.0, 13.0, 6.0, 21.0, 24.0, 23.0, 2.0, 22.0, 4.0, 17.0, 28.0, 12.0, 20.0, 26.0, 3.0, 14.0, 15.0, 5.0, 1.0, 10.0, 18.0, 27.0, 8.0, 16.0, 25.0]
26426.51170066185 -4749.0 [2.0, 13.0, 10.0, 24.0, 7.0, 5.0, 4.0, 12.0, 19.0, 15.0, 1.0, 18.0, 14.0, 16.0, 27.0, 8.0, 9.0, 23.0, 22.0, 26.0, 25.0, 28.0, 11.0, 6.0, 29.0, 21.0, 3.0, 20.0, 17.0]
25540.401812975313 -4591.0 [17.0, 3.0, 20.0, 24.0, 7.0, 6.0, 29.0, 21.0, 10.0, 13.0, 2.0, 5.0, 4.0, 12.0, 19.0, 15.0, 1.0, 18.0, 14.0, 16.0, 27.0, 8.0, 9.0, 23.0, 22.0, 26.0, 25.0, 28.0, 11.0]
22968.340315647598 -4107.0 [29.0, 23.0, 13.0, 8.0, 28.0, 24.0, 27.0, 20.0, 22.0, 18.0, 25.0, 12.0, 7.0, 19.0, 10.0, 17.0, 1.0, 16.0, 14.0, 6.0, 21.0, 2.0, 3.0, 15.0, 26.0, 5.0, 9.0, 4.0, 11.0]
22800.918528972885 -4093.0 [5.0, 23.0, 12.0, 6.0, 24.0, 4.0, 25.0, 17.0, 11.0, 27.0, 2.0, 28.0, 21.0, 1.0, 26.0, 8.0, 7.0, 19.0, 3.0, 14.0, 15.0, 22.0, 9.0, 29.0, 18.0, 16.0, 20.0, 13.0, 10.0]
19543.47422724671 -3486.0 [12.0, 29.0, 1.0, 28.0, 16.0, 9.0, 15.0, 18.0, 20.0, 13.0, 27.0, 10.0, 7.0, 4.0, 14.0, 17.0, 11.0, 19.0, 25.0, 2.0, 23.0, 8.0, 26.0, 3.0, 5.0, 21.0, 6.0, 24.0, 22.0]
24100.011025425072 -4326.0 [23.0, 25.0, 6.0, 10.0, 11.0, 13.0, 26.0, 24.0, 1.0, 27.0, 3.0, 9.0, 29.0, 22.0, 16.0, 28.0, 8.0, 14.0, 5.0, 21.0, 17.0, 20.0, 18.0, 19.0, 2.0, 4.0, 15.0, 7.0, 12.0]
26755.24320539665 -4813.0 [23.0, 2.0, 25.0, 5.0, 22.0, 3.0, 4.0, 29.0, 20.0, 15.0, 17.0, 6.0, 24.0, 14.0, 1.0, 28.0, 19.0, 13.0, 7.0, 21.0, 9.0, 8.0, 27.0, 11.0, 18.0, 12.0, 16.0, 10.0, 26.0]
22639.040849395293 -4071.0 [4.0, 13.0, 10.0, 6.0, 25.0, 21.0, 15.0, 18.0, 5.0, 3.0, 16.0, 19.0, 8.0, 26.0, 17.0, 22.0, 11.0, 24.0, 9.0, 28.0, 1.0, 12.0, 7.0, 23.0, 27.0, 20.0, 29.0, 14.0, 2.0]
23743.529128846356 -4258.0 [12.0, 20.0, 7.0, 21.0, 3.0, 25.0, 1.0, 6.0, 14.0, 22.0, 17.0, 13.0, 10.0, 11.0, 19.0, 28.0, 18.0, 4.0, 24.0, 5.0, 26.0, 8.0, 27.0, 2.0, 29.0, 16.0, 23.0, 9.0, 15.0]
23991.484541068145 -4305.0 [6.0, 29.0, 9.0, 3.0, 22.0, 15.0, 17.0, 26.0, 21.0, 20.0, 28.0, 27.0, 24.0, 25.0, 18.0, 8.0, 14.0, 5.0, 7.0, 11.0, 1.0, 10.0, 4.0, 12.0, 13.0, 23.0, 19.0, 16.0, 2.0]
